L
5
50
//A slightly larger random file for testing
//level 0
(0,0,1,#)
(0,0,3,#)
(0,0,4,#)
(0,0,5,E)
(0,0,6,#)
(0,0,7,#)
(0,0,8,#)
(0,0,9,#)
(0,0,11,#)
(0,0,12,#)
(0,0,13,#)
(0,0,14,#)
(0,0,15,#)
(0,0,17,E)
(0,0,19,E)
(0,0,20,#)
(0,0,22,E)
(0,0,24,E)
(0,0,26,#)
(0,0,28,#)
(0,0,30,#)
(0,0,32,#)
(0,0,34,#)
(0,0,38,#)
(0,0,40,#)
(0,0,42,#)
(0,0,44,#)
(0,0,45,#)
(0,0,47,#)
(0,1,1,#)
(0,1,2,#)
(0,1,5,.)
(0,1,6,#)
(0,1,8,.)
(0,1,9,#)
(0,1,10,#)
(0,1,11,#)
(0,1,12,#)
(0,1,15,#)
(0,1,21,#)
(0,1,23,#)
(0,1,25,#)
(0,1,28,#)
(0,1,30,E)
(0,1,33,E)
(0,1,36,#)
(0,1,42,#)
(0,1,45,#)
(0,1,46,#)
(0,2,1,.)
(0,2,3,#)
(0,2,4,#)
(0,2,5,#)
(0,2,6,#)
(0,2,9,#)
(0,2,10,#)
(0,2,11,E)
(0,2,14,.)
(0,2,17,.)
(0,2,19,#)
(0,2,23,#)
(0,2,24,#)
(0,2,26,#)
(0,2,27,#)
(0,2,31,.)
(0,2,34,#)
(0,2,36,#)
(0,2,37,#)
(0,2,38,#)
(0,2,40,E)
(0,2,47,#)
(0,3,2,#)
(0,3,4,#)
(0,3,5,#)
(0,3,8,E)
(0,3,9,E)
(0,3,10,#)
(0,3,14,#)
(0,3,15,#)
(0,3,16,#)
(0,3,17,E)
(0,3,18,E)
(0,3,19,#)
(0,3,20,#)
(0,3,21,#)
(0,3,24,#)
(0,3,28,#)
(0,3,29,#)
(0,3,31,#)
(0,3,32,E)
(0,3,40,E)
(0,3,41,E)
(0,3,42,#)
(0,3,44,#)
(0,3,47,#)
(0,3,48,#)
(0,3,49,#)
(0,4,0,#)
(0,4,2,E)
(0,4,3,#)
(0,4,4,#)
(0,4,6,E)
(0,4,8,E)
(0,4,10,#)
(0,4,11,E)
(0,4,12,E)
(0,4,17,#)
(0,4,21,#)
(0,4,22,#)
(0,4,26,E)
(0,4,29,.)
(0,4,31,#)
(0,4,32,#)
(0,4,35,#)
(0,4,36,#)
(0,4,39,#)
(0,4,40,#)
(0,4,41,#)
(0,4,43,#)
(0,4,45,E)
(0,5,3,#)
(0,5,10,#)
(0,5,11,#)
(0,5,12,#)
(0,5,13,#)
(0,5,17,#)
(0,5,19,#)
(0,5,22,#)
(0,5,24,#)
(0,5,25,#)
(0,5,26,E)
(0,5,27,.)
(0,5,29,.)
(0,5,32,#)
(0,5,33,.)
(0,5,34,#)
(0,5,35,E)
(0,5,36,#)
(0,5,40,#)
(0,6,1,#)
(0,6,2,E)
(0,6,3,#)
(0,6,6,#)
(0,6,16,E)
(0,6,19,#)
(0,6,22,#)
(0,6,23,#)
(0,6,26,.)
(0,6,27,#)
(0,6,31,.)
(0,6,32,E)
(0,6,42,#)
(0,6,43,#)
(0,6,45,#)
(0,6,47,#)
(0,6,49,#)
(0,7,5,#)
(0,7,9,#)
(0,7,10,#)
(0,7,11,#)
(0,7,12,#)
(0,7,13,.)
(0,7,17,#)
(0,7,18,E)
(0,7,23,#)
(0,7,24,#)
(0,7,26,#)
(0,7,28,#)
(0,7,31,#)
(0,7,33,#)
(0,7,34,#)
(0,7,35,E)
(0,7,36,E)
(0,7,38,#)
(0,7,39,#)
(0,7,42,#)
(0,7,43,E)
(0,7,47,#)
(0,8,1,#)
(0,8,2,E)
(0,8,5,#)
(0,8,6,#)
(0,8,7,E)
(0,8,9,#)
(0,8,11,#)
(0,8,12,#)
(0,8,13,#)
(0,8,17,#)
(0,8,22,#)
(0,8,23,#)
(0,8,26,#)
(0,8,31,#)
(0,8,32,#)
(0,8,34,E)
(0,8,35,#)
(0,8,36,#)
(0,8,37,#)
(0,8,38,E)
(0,8,40,.)
(0,8,41,#)
(0,8,42,E)
(0,8,43,#)
(0,8,44,#)
(0,8,46,E)
(0,8,48,#)
(0,9,7,#)
(0,9,8,#)
(0,9,10,#)
(0,9,12,#)
(0,9,16,#)
(0,9,17,E)
(0,9,19,E)
(0,9,20,#)
(0,9,24,#)
(0,9,25,#)
(0,9,26,#)
(0,9,29,#)
(0,9,39,#)
(0,9,40,#)
(0,9,44,#)
(0,9,46,E)
(0,9,47,#)
(0,9,48,#)
(0,10,0,#)
(0,10,1,#)
(0,10,2,#)
(0,10,3,#)
(0,10,4,.)
(0,10,7,#)
(0,10,9,#)
(0,10,10,#)
(0,10,13,#)
(0,10,20,#)
(0,10,24,#)
(0,10,25,#)
(0,10,26,E)
(0,10,28,.)
(0,10,32,#)
(0,10,33,#)
(0,10,34,#)
(0,10,36,E)
(0,10,39,#)
(0,10,41,E)
(0,10,44,#)
(0,10,45,#)
(0,10,47,#)
(0,10,49,#)
(0,11,1,E)
(0,11,2,.)
(0,11,3,#)
(0,11,5,#)
(0,11,7,#)
(0,11,8,E)
(0,11,11,#)
(0,11,16,#)
(0,11,17,#)
(0,11,20,E)
(0,11,25,#)
(0,11,26,E)
(0,11,30,#)
(0,11,32,#)
(0,11,33,#)
(0,11,39,#)
(0,11,41,#)
(0,11,43,#)
(0,11,49,.)
(0,12,2,#)
(0,12,12,#)
(0,12,16,E)
(0,12,18,#)
(0,12,23,.)
(0,12,24,#)
(0,12,25,E)
(0,12,26,#)
(0,12,31,#)
(0,12,32,#)
(0,12,33,#)
(0,12,40,.)
(0,12,41,E)
(0,12,42,#)
(0,12,43,E)
(0,12,49,#)
(0,13,1,#)
(0,13,3,#)
(0,13,5,#)
(0,13,7,#)
(0,13,8,E)
(0,13,11,#)
(0,13,12,E)
(0,13,13,.)
(0,13,16,#)
(0,13,20,#)
(0,13,21,E)
(0,13,26,#)
(0,13,31,#)
(0,13,33,#)
(0,13,35,#)
(0,13,39,#)
(0,13,41,#)
(0,14,1,E)
(0,14,5,#)
(0,14,6,#)
(0,14,8,#)
(0,14,11,#)
(0,14,13,#)
(0,14,17,#)
(0,14,20,#)
(0,14,21,#)
(0,14,24,#)
(0,14,26,#)
(0,14,32,#)
(0,14,34,#)
(0,14,35,#)
(0,14,37,#)
(0,14,39,#)
(0,14,48,E)
(0,15,0,E)
(0,15,7,E)
(0,15,8,#)
(0,15,10,#)
(0,15,12,#)
(0,15,13,#)
(0,15,19,#)
(0,15,20,#)
(0,15,22,#)
(0,15,23,#)
(0,15,24,E)
(0,15,27,E)
(0,15,31,#)
(0,15,33,#)
(0,15,34,#)
(0,15,36,#)
(0,15,41,#)
(0,15,43,E)
(0,15,44,E)
(0,15,48,E)
(0,15,49,#)
(0,16,1,E)
(0,16,6,#)
(0,16,9,#)
(0,16,10,#)
(0,16,19,#)
(0,16,21,#)
(0,16,23,E)
(0,16,27,#)
(0,16,29,#)
(0,16,30,#)
(0,16,31,#)
(0,16,36,#)
(0,16,37,#)
(0,16,41,.)
(0,16,42,E)
(0,16,44,#)
(0,16,48,#)
(0,17,5,#)
(0,17,14,E)
(0,17,16,E)
(0,17,17,E)
(0,17,18,#)
(0,17,21,#)
(0,17,24,E)
(0,17,26,E)
(0,17,27,E)
(0,17,30,#)
(0,17,31,.)
(0,17,33,#)
(0,17,37,#)
(0,17,40,#)
(0,17,45,E)
(0,17,46,#)
(0,17,49,#)
(0,18,0,#)
(0,18,1,#)
(0,18,2,#)
(0,18,4,#)
(0,18,6,E)
(0,18,9,.)
(0,18,10,#)
(0,18,13,#)
(0,18,15,#)
(0,18,16,E)
(0,18,19,#)
(0,18,20,#)
(0,18,23,#)
(0,18,25,.)
(0,18,26,#)
(0,18,29,#)
(0,18,32,#)
(0,18,33,#)
(0,18,36,#)
(0,18,37,E)
(0,18,41,E)
(0,18,47,E)
(0,18,49,E)
(0,19,0,#)
(0,19,2,#)
(0,19,5,#)
(0,19,10,#)
(0,19,17,#)
(0,19,19,#)
(0,19,23,#)
(0,19,26,#)
(0,19,29,#)
(0,19,34,#)
(0,19,36,#)
(0,19,37,#)
(0,19,39,.)
(0,19,40,#)
(0,19,45,#)
(0,19,46,E)
(0,19,48,#)
(0,19,49,#)
(0,20,2,#)
(0,20,3,#)
(0,20,4,E)
(0,20,5,#)
(0,20,6,#)
(0,20,8,E)
(0,20,10,#)
(0,20,11,#)
(0,20,14,E)
(0,20,19,#)
(0,20,21,#)
(0,20,25,#)
(0,20,26,E)
(0,20,27,#)
(0,20,28,#)
(0,20,30,#)
(0,20,32,#)
(0,20,42,E)
(0,20,43,#)
(0,20,44,.)
(0,20,47,#)
(0,20,48,#)
(0,20,49,#)
(0,21,0,E)
(0,21,2,#)
(0,21,4,#)
(0,21,5,#)
(0,21,9,#)
(0,21,10,E)
(0,21,17,E)
(0,21,23,#)
(0,21,24,#)
(0,21,30,#)
(0,21,32,#)
(0,21,35,#)
(0,21,39,#)
(0,21,43,E)
(0,21,44,#)
(0,21,45,#)
(0,21,47,#)
(0,22,0,E)
(0,22,2,#)
(0,22,4,#)
(0,22,8,#)
(0,22,10,#)
(0,22,12,#)
(0,22,16,E)
(0,22,18,#)
(0,22,19,#)
(0,22,21,E)
(0,22,22,#)
(0,22,24,#)
(0,22,25,#)
(0,22,26,.)
(0,22,29,#)
(0,22,30,#)
(0,22,31,#)
(0,22,33,#)
(0,22,36,#)
(0,22,39,#)
(0,22,40,#)
(0,22,41,E)
(0,22,43,E)
(0,22,44,#)
(0,22,45,E)
(0,22,46,#)
(0,22,47,#)
(0,22,49,#)
(0,23,4,E)
(0,23,6,#)
(0,23,10,#)
(0,23,11,#)
(0,23,12,#)
(0,23,14,#)
(0,23,15,#)
(0,23,16,#)
(0,23,19,#)
(0,23,20,#)
(0,23,27,#)
(0,23,32,#)
(0,23,37,#)
(0,23,41,#)
(0,23,42,E)
(0,23,43,#)
(0,23,44,#)
(0,23,45,#)
(0,23,47,#)
(0,23,49,E)
(0,24,0,#)
(0,24,2,E)
(0,24,3,#)
(0,24,4,E)
(0,24,7,E)
(0,24,8,#)
(0,24,10,#)
(0,24,11,#)
(0,24,12,#)
(0,24,14,.)
(0,24,16,E)
(0,24,17,#)
(0,24,18,#)
(0,24,22,#)
(0,24,24,#)
(0,24,25,#)
(0,24,28,#)
(0,24,29,#)
(0,24,30,#)
(0,24,31,.)
(0,24,32,#)
(0,24,36,E)
(0,24,37,E)
(0,24,38,#)
(0,24,40,#)
(0,24,41,#)
(0,24,42,#)
(0,24,43,#)
(0,24,44,#)
(0,24,45,#)
(0,24,48,E)
(0,24,49,#)
(0,25,1,#)
(0,25,2,E)
(0,25,5,#)
(0,25,10,#)
(0,25,11,#)
(0,25,13,#)
(0,25,14,E)
(0,25,15,#)
(0,25,18,#)
(0,25,21,#)
(0,25,25,E)
(0,25,28,#)
(0,25,33,#)
(0,25,34,#)
(0,25,35,#)
(0,25,36,#)
(0,25,39,E)
(0,25,40,E)
(0,25,41,#)
(0,25,42,#)
(0,25,44,#)
(0,25,45,#)
(0,25,47,#)
(0,25,48,E)
(0,26,0,#)
(0,26,10,#)
(0,26,11,E)
(0,26,12,.)
(0,26,13,#)
(0,26,14,E)
(0,26,19,#)
(0,26,23,#)
(0,26,26,.)
(0,26,31,E)
(0,26,35,#)
(0,26,38,#)
(0,26,41,#)
(0,26,43,#)
(0,26,44,.)
(0,26,49,#)
(0,27,3,#)
(0,27,5,#)
(0,27,6,#)
(0,27,7,#)
(0,27,13,#)
(0,27,14,#)
(0,27,17,#)
(0,27,21,#)
(0,27,24,.)
(0,27,27,#)
(0,27,28,#)
(0,27,30,E)
(0,27,36,#)
(0,27,38,#)
(0,27,39,E)
(0,27,40,#)
(0,27,41,#)
(0,27,42,#)
(0,27,43,#)
(0,27,45,#)
(0,27,47,E)
(0,28,2,#)
(0,28,3,#)
(0,28,4,#)
(0,28,9,#)
(0,28,10,#)
(0,28,12,E)
(0,28,14,#)
(0,28,16,#)
(0,28,17,#)
(0,28,18,#)
(0,28,21,#)
(0,28,23,#)
(0,28,24,E)
(0,28,26,#)
(0,28,32,#)
(0,28,33,#)
(0,28,38,#)
(0,28,39,#)
(0,28,44,#)
(0,28,45,#)
(0,28,49,#)
(0,29,0,#)
(0,29,2,.)
(0,29,5,#)
(0,29,6,#)
(0,29,8,#)
(0,29,9,E)
(0,29,12,#)
(0,29,16,E)
(0,29,17,E)
(0,29,18,#)
(0,29,22,#)
(0,29,24,#)
(0,29,27,#)
(0,29,28,#)
(0,29,31,#)
(0,29,32,#)
(0,29,36,#)
(0,29,37,#)
(0,29,42,#)
(0,29,45,#)
(0,29,46,#)
(0,29,48,E)
(0,30,0,#)
(0,30,1,E)
(0,30,3,#)
(0,30,4,#)
(0,30,12,#)
(0,30,19,#)
(0,30,20,.)
(0,30,21,#)
(0,30,24,#)
(0,30,25,#)
(0,30,26,#)
(0,30,31,E)
(0,30,32,#)
(0,30,33,#)
(0,30,35,E)
(0,30,41,#)
(0,30,43,#)
(0,30,44,#)
(0,30,46,#)
(0,30,47,#)
(0,30,49,E)
(0,31,1,#)
(0,31,2,#)
(0,31,6,#)
(0,31,7,E)
(0,31,9,#)
(0,31,13,#)
(0,31,15,#)
(0,31,16,.)
(0,31,17,#)
(0,31,18,#)
(0,31,19,#)
(0,31,20,#)
(0,31,21,#)
(0,31,23,#)
(0,31,24,#)
(0,31,25,#)
(0,31,26,#)
(0,31,27,E)
(0,31,29,#)
(0,31,30,E)
(0,31,31,.)
(0,31,33,#)
(0,31,34,#)
(0,31,35,E)
(0,31,37,E)
(0,31,38,#)
(0,31,40,#)
(0,31,41,#)
(0,31,43,#)
(0,31,46,#)
(0,31,47,#)
(0,31,49,#)
(0,32,1,#)
(0,32,3,#)
(0,32,5,#)
(0,32,7,#)
(0,32,10,#)
(0,32,12,E)
(0,32,13,#)
(0,32,14,#)
(0,32,18,#)
(0,32,21,E)
(0,32,23,#)
(0,32,25,#)
(0,32,27,#)
(0,32,30,#)
(0,32,31,#)
(0,32,32,#)
(0,32,37,#)
(0,32,38,#)
(0,32,40,#)
(0,32,42,#)
(0,32,44,#)
(0,32,45,#)
(0,32,46,#)
(0,32,47,#)
(0,32,49,E)
(0,33,0,#)
(0,33,1,#)
(0,33,2,#)
(0,33,3,#)
(0,33,6,#)
(0,33,9,#)
(0,33,10,#)
(0,33,11,E)
(0,33,12,E)
(0,33,14,E)
(0,33,15,#)
(0,33,16,E)
(0,33,18,E)
(0,33,22,E)
(0,33,26,#)
(0,33,31,#)
(0,33,32,E)
(0,33,33,#)
(0,33,34,#)
(0,33,35,#)
(0,33,37,#)
(0,33,38,E)
(0,33,39,.)
(0,33,40,E)
(0,33,41,#)
(0,33,43,#)
(0,33,47,#)
(0,33,49,#)
(0,34,5,#)
(0,34,12,E)
(0,34,14,#)
(0,34,17,#)
(0,34,21,#)
(0,34,22,E)
(0,34,23,#)
(0,34,24,E)
(0,34,26,#)
(0,34,27,E)
(0,34,29,#)
(0,34,30,#)
(0,34,37,#)
(0,34,38,E)
(0,34,41,#)
(0,34,45,#)
(0,34,46,.)
(0,35,0,#)
(0,35,8,#)
(0,35,12,#)
(0,35,14,#)
(0,35,17,#)
(0,35,22,#)
(0,35,25,#)
(0,35,29,E)
(0,35,30,#)
(0,35,31,#)
(0,35,32,#)
(0,35,34,#)
(0,35,36,#)
(0,35,38,#)
(0,35,40,#)
(0,35,42,E)
(0,35,43,#)
(0,35,44,.)
(0,35,46,#)
(0,35,48,#)
(0,35,49,#)
(0,36,3,E)
(0,36,7,#)
(0,36,17,E)
(0,36,19,#)
(0,36,24,#)
(0,36,25,E)
(0,36,26,#)
(0,36,28,#)
(0,36,29,#)
(0,36,37,#)
(0,36,41,#)
(0,36,42,#)
(0,36,44,#)
(0,36,45,#)
(0,36,46,#)
(0,36,47,E)
(0,36,48,#)
(0,36,49,#)
(0,37,0,#)
(0,37,2,#)
(0,37,5,#)
(0,37,7,#)
(0,37,8,#)
(0,37,9,#)
(0,37,12,#)
(0,37,13,#)
(0,37,16,#)
(0,37,17,#)
(0,37,18,#)
(0,37,19,#)
(0,37,24,#)
(0,37,25,#)
(0,37,26,#)
(0,37,27,#)
(0,37,28,#)
(0,37,32,#)
(0,37,35,#)
(0,37,36,#)
(0,37,37,#)
(0,37,38,#)
(0,37,41,#)
(0,38,1,#)
(0,38,3,#)
(0,38,9,#)
(0,38,13,.)
(0,38,16,#)
(0,38,19,#)
(0,38,21,#)
(0,38,24,#)
(0,38,26,#)
(0,38,32,.)
(0,38,33,#)
(0,38,34,E)
(0,38,35,E)
(0,38,36,#)
(0,38,37,#)
(0,38,41,#)
(0,38,42,#)
(0,38,43,#)
(0,38,47,#)
(0,39,1,#)
(0,39,2,E)
(0,39,3,#)
(0,39,6,#)
(0,39,8,#)
(0,39,14,#)
(0,39,15,#)
(0,39,16,#)
(0,39,20,#)
(0,39,22,#)
(0,39,23,#)
(0,39,28,#)
(0,39,29,E)
(0,39,32,#)
(0,39,36,#)
(0,39,39,E)
(0,39,42,#)
(0,39,44,E)
(0,39,47,#)
(0,40,1,#)
(0,40,2,#)
(0,40,6,#)
(0,40,8,#)
(0,40,9,#)
(0,40,10,#)
(0,40,12,.)
(0,40,13,#)
(0,40,14,#)
(0,40,19,#)
(0,40,21,#)
(0,40,24,#)
(0,40,29,#)
(0,40,30,#)
(0,40,31,#)
(0,40,32,E)
(0,40,33,#)
(0,40,35,#)
(0,40,36,#)
(0,40,43,#)
(0,40,45,#)
(0,40,47,E)
(0,40,48,#)
(0,41,2,#)
(0,41,3,#)
(0,41,7,#)
(0,41,8,#)
(0,41,10,#)
(0,41,11,#)
(0,41,16,#)
(0,41,18,#)
(0,41,19,E)
(0,41,23,E)
(0,41,26,E)
(0,41,27,#)
(0,41,30,E)
(0,41,32,#)
(0,41,33,#)
(0,41,39,#)
(0,41,41,E)
(0,41,43,#)
(0,41,44,E)
(0,41,46,#)
(0,41,49,#)
(0,42,0,E)
(0,42,7,#)
(0,42,8,#)
(0,42,12,#)
(0,42,14,E)
(0,42,15,#)
(0,42,19,#)
(0,42,22,.)
(0,42,23,#)
(0,42,27,#)
(0,42,28,#)
(0,42,30,#)
(0,42,31,#)
(0,42,35,#)
(0,42,39,#)
(0,42,40,#)
(0,42,46,#)
(0,42,49,#)
(0,43,1,#)
(0,43,4,#)
(0,43,5,#)
(0,43,10,#)
(0,43,11,#)
(0,43,12,E)
(0,43,13,E)
(0,43,15,#)
(0,43,20,#)
(0,43,24,E)
(0,43,26,#)
(0,43,27,#)
(0,43,28,#)
(0,43,29,#)
(0,43,30,#)
(0,43,31,#)
(0,43,32,#)
(0,43,33,#)
(0,43,34,.)
(0,43,39,#)
(0,43,40,#)
(0,43,41,#)
(0,44,0,#)
(0,44,2,#)
(0,44,4,#)
(0,44,5,#)
(0,44,7,#)
(0,44,9,E)
(0,44,11,#)
(0,44,13,#)
(0,44,14,E)
(0,44,16,#)
(0,44,17,E)
(0,44,21,E)
(0,44,23,#)
(0,44,26,.)
(0,44,28,#)
(0,44,30,#)
(0,44,31,#)
(0,44,32,#)
(0,44,35,.)
(0,44,36,#)
(0,44,37,#)
(0,44,38,#)
(0,44,40,#)
(0,44,42,#)
(0,44,43,#)
(0,44,44,#)
(0,44,45,#)
(0,44,46,#)
(0,45,0,#)
(0,45,2,#)
(0,45,6,E)
(0,45,7,#)
(0,45,8,#)
(0,45,9,#)
(0,45,13,#)
(0,45,16,#)
(0,45,19,#)
(0,45,22,#)
(0,45,24,#)
(0,45,30,E)
(0,45,33,E)
(0,45,36,#)
(0,45,37,#)
(0,45,39,#)
(0,45,43,#)
(0,45,45,E)
(0,45,46,#)
(0,45,47,#)
(0,46,2,E)
(0,46,3,E)
(0,46,5,#)
(0,46,11,#)
(0,46,14,#)
(0,46,15,#)
(0,46,17,#)
(0,46,18,#)
(0,46,21,#)
(0,46,23,.)
(0,46,27,#)
(0,46,28,#)
(0,46,30,#)
(0,46,31,#)
(0,46,32,.)
(0,46,33,#)
(0,46,37,#)
(0,46,38,#)
(0,46,39,#)
(0,46,42,E)
(0,46,44,#)
(0,47,1,#)
(0,47,3,#)
(0,47,5,#)
(0,47,6,#)
(0,47,10,#)
(0,47,13,#)
(0,47,15,#)
(0,47,17,#)
(0,47,18,#)
(0,47,20,#)
(0,47,21,#)
(0,47,22,#)
(0,47,23,.)
(0,47,27,#)
(0,47,29,#)
(0,47,30,E)
(0,47,31,#)
(0,47,37,#)
(0,47,38,#)
(0,47,40,#)
(0,47,42,#)
(0,47,43,#)
(0,47,46,#)
(0,47,47,#)
(0,47,48,.)
(0,47,49,.)
(0,48,0,#)
(0,48,3,#)
(0,48,5,#)
(0,48,6,#)
(0,48,7,#)
(0,48,8,#)
(0,48,12,#)
(0,48,14,#)
(0,48,17,#)
(0,48,21,#)
(0,48,22,#)
(0,48,23,#)
(0,48,29,#)
(0,48,30,#)
(0,48,31,#)
(0,48,35,#)
(0,48,37,#)
(0,48,40,#)
(0,48,42,E)
(0,48,44,#)
(0,48,47,#)
(0,48,48,#)
(0,49,2,#)
(0,49,5,#)
(0,49,7,#)
(0,49,10,#)
(0,49,14,#)
(0,49,16,E)
(0,49,20,#)
(0,49,26,E)
(0,49,27,E)
(0,49,32,.)
(0,49,33,#)
(0,49,38,E)
(0,49,39,#)
(0,49,41,#)
(0,49,46,#)
(0,49,49,#)
//level 1
(1,0,0,#)
(1,0,3,#)
(1,0,12,#)
(1,0,13,#)
(1,0,16,E)
(1,0,20,#)
(1,0,21,#)
(1,0,23,#)
(1,0,24,#)
(1,0,25,#)
(1,0,27,#)
(1,0,30,#)
(1,0,31,#)
(1,0,35,#)
(1,0,38,#)
(1,0,39,#)
(1,0,42,#)
(1,0,43,#)
(1,0,44,#)
(1,0,45,#)
(1,0,47,#)
(1,1,0,#)
(1,1,1,E)
(1,1,3,#)
(1,1,4,E)
(1,1,7,#)
(1,1,11,.)
(1,1,14,#)
(1,1,15,#)
(1,1,16,#)
(1,1,18,#)
(1,1,19,E)
(1,1,21,#)
(1,1,22,E)
(1,1,23,#)
(1,1,24,E)
(1,1,25,#)
(1,1,27,#)
(1,1,28,#)
(1,1,30,#)
(1,1,32,#)
(1,1,34,#)
(1,1,36,#)
(1,1,38,#)
(1,1,41,#)
(1,1,42,E)
(1,1,45,E)
(1,1,48,#)
(1,2,0,#)
(1,2,1,#)
(1,2,3,#)
(1,2,4,#)
(1,2,5,#)
(1,2,6,E)
(1,2,9,E)
(1,2,11,E)
(1,2,13,#)
(1,2,15,.)
(1,2,16,.)
(1,2,17,E)
(1,2,18,#)
(1,2,19,#)
(1,2,22,#)
(1,2,26,#)
(1,2,27,#)
(1,2,29,E)
(1,2,32,#)
(1,2,33,#)
(1,2,37,#)
(1,2,38,E)
(1,2,39,#)
(1,2,40,.)
(1,2,42,#)
(1,2,43,.)
(1,2,44,E)
(1,2,46,.)
(1,2,48,#)
(1,2,49,#)
(1,3,1,#)
(1,3,3,E)
(1,3,4,E)
(1,3,6,E)
(1,3,7,#)
(1,3,9,#)
(1,3,10,#)
(1,3,14,.)
(1,3,17,#)
(1,3,21,#)
(1,3,22,.)
(1,3,25,E)
(1,3,26,.)
(1,3,29,#)
(1,3,31,.)
(1,3,32,#)
(1,3,40,#)
(1,3,41,E)
(1,3,42,#)
(1,3,43,#)
(1,3,44,#)
(1,3,46,.)
(1,3,47,#)
(1,3,48,#)
(1,3,49,E)
(1,4,0,#)
(1,4,4,#)
(1,4,7,#)
(1,4,11,#)
(1,4,17,#)
(1,4,21,#)
(1,4,22,#)
(1,4,27,#)
(1,4,29,#)
(1,4,31,#)
(1,4,32,E)
(1,4,34,#)
(1,4,35,#)
(1,4,36,#)
(1,4,38,#)
(1,4,42,E)
(1,4,44,#)
(1,4,45,#)
(1,4,47,#)
(1,5,0,#)
(1,5,2,#)
(1,5,3,#)
(1,5,4,#)
(1,5,7,#)
(1,5,8,#)
(1,5,10,#)
(1,5,11,#)
(1,5,14,E)
(1,5,20,#)
(1,5,23,#)
(1,5,24,#)
(1,5,28,#)
(1,5,29,#)
(1,5,33,#)
(1,5,34,#)
(1,5,35,#)
(1,5,41,#)
(1,5,44,E)
(1,5,48,#)
(1,5,49,#)
(1,6,0,#)
(1,6,1,E)
(1,6,2,#)
(1,6,3,#)
(1,6,4,E)
(1,6,5,#)
(1,6,8,#)
(1,6,9,#)
(1,6,11,#)
(1,6,19,#)
(1,6,20,#)
(1,6,24,#)
(1,6,25,#)
(1,6,26,#)
(1,6,29,#)
(1,6,36,#)
(1,6,38,#)
(1,6,39,#)
(1,6,41,#)
(1,6,42,#)
(1,6,43,#)
(1,6,45,E)
(1,6,49,#)
(1,7,1,E)
(1,7,5,#)
(1,7,8,#)
(1,7,13,#)
(1,7,15,#)
(1,7,18,E)
(1,7,20,#)
(1,7,24,#)
(1,7,27,#)
(1,7,31,.)
(1,7,34,#)
(1,7,36,#)
(1,7,39,#)
(1,7,40,E)
(1,7,42,E)
(1,7,44,#)
(1,7,45,#)
(1,8,1,E)
(1,8,2,#)
(1,8,3,#)
(1,8,4,E)
(1,8,7,#)
(1,8,10,#)
(1,8,13,#)
(1,8,18,#)
(1,8,20,#)
(1,8,21,#)
(1,8,25,.)
(1,8,26,#)
(1,8,27,H)
(1,8,29,#)
(1,8,30,#)
(1,8,31,#)
(1,8,33,#)
(1,8,36,#)
(1,8,39,#)
(1,8,41,#)
(1,8,43,#)
(1,8,48,#)
(1,8,49,#)
(1,9,0,#)
(1,9,3,#)
(1,9,6,#)
(1,9,10,#)
(1,9,16,#)
(1,9,17,#)
(1,9,21,#)
(1,9,22,E)
(1,9,26,#)
(1,9,28,#)
(1,9,29,.)
(1,9,32,#)
(1,9,34,#)
(1,9,35,#)
(1,9,36,#)
(1,9,39,#)
(1,9,40,#)
(1,9,41,#)
(1,9,42,#)
(1,9,45,#)
(1,9,47,E)
(1,10,7,#)
(1,10,9,#)
(1,10,10,E)
(1,10,13,#)
(1,10,15,.)
(1,10,17,#)
(1,10,19,#)
(1,10,20,#)
(1,10,22,#)
(1,10,28,#)
(1,10,30,#)
(1,10,31,#)
(1,10,33,#)
(1,10,35,#)
(1,10,36,E)
(1,10,37,.)
(1,10,45,#)
(1,10,46,E)
(1,10,49,#)
(1,11,2,#)
(1,11,3,#)
(1,11,5,#)
(1,11,7,.)
(1,11,11,#)
(1,11,13,#)
(1,11,17,#)
(1,11,20,#)
(1,11,21,.)
(1,11,25,.)
(1,11,26,#)
(1,11,28,#)
(1,11,29,#)
(1,11,30,#)
(1,11,33,.)
(1,11,35,#)
(1,11,37,E)
(1,11,39,E)
(1,11,45,#)
(1,11,46,#)
(1,11,47,#)
(1,12,1,#)
(1,12,4,#)
(1,12,6,E)
(1,12,8,.)
(1,12,9,#)
(1,12,10,#)
(1,12,12,E)
(1,12,13,#)
(1,12,14,#)
(1,12,15,E)
(1,12,18,E)
(1,12,20,E)
(1,12,21,#)
(1,12,22,#)
(1,12,23,#)
(1,12,25,#)
(1,12,26,E)
(1,12,27,#)
(1,12,29,#)
(1,12,30,#)
(1,12,32,#)
(1,12,33,#)
(1,12,34,#)
(1,12,35,#)
(1,12,40,#)
(1,12,41,#)
(1,12,43,#)
(1,12,44,E)
(1,12,46,#)
(1,13,2,#)
(1,13,5,#)
(1,13,6,E)
(1,13,7,#)
(1,13,9,E)
(1,13,12,#)
(1,13,13,E)
(1,13,17,#)
(1,13,19,#)
(1,13,24,#)
(1,13,26,#)
(1,13,27,#)
(1,13,31,.)
(1,13,33,#)
(1,13,35,#)
(1,13,36,#)
(1,13,40,#)
(1,13,43,#)
(1,13,44,#)
(1,13,47,E)
(1,13,49,#)
(1,14,0,E)
(1,14,5,#)
(1,14,6,#)
(1,14,7,#)
(1,14,8,E)
(1,14,15,#)
(1,14,18,E)
(1,14,20,#)
(1,14,21,E)
(1,14,30,#)
(1,14,31,E)
(1,14,32,#)
(1,14,33,#)
(1,14,35,.)
(1,14,36,#)
(1,14,41,#)
(1,14,44,#)
(1,14,45,#)
(1,14,47,#)
(1,14,49,#)
(1,15,0,#)
(1,15,5,#)
(1,15,7,#)
(1,15,11,E)
(1,15,13,#)
(1,15,16,#)
(1,15,17,#)
(1,15,18,E)
(1,15,30,#)
(1,15,36,E)
(1,15,41,#)
(1,15,42,E)
(1,15,44,#)
(1,15,47,#)
(1,15,48,#)
(1,15,49,#)
(1,16,0,#)
(1,16,3,#)
(1,16,7,#)
(1,16,10,E)
(1,16,12,#)
(1,16,13,#)
(1,16,14,#)
(1,16,17,#)
(1,16,21,E)
(1,16,22,#)
(1,16,23,#)
(1,16,24,#)
(1,16,32,#)
(1,16,33,#)
(1,16,34,#)
(1,16,37,#)
(1,16,38,#)
(1,16,44,E)
(1,16,45,#)
(1,16,46,#)
(1,16,47,#)
(1,17,2,#)
(1,17,6,#)
(1,17,7,#)
(1,17,13,#)
(1,17,14,#)
(1,17,15,#)
(1,17,16,#)
(1,17,18,#)
(1,17,20,#)
(1,17,22,#)
(1,17,23,#)
(1,17,24,#)
(1,17,25,#)
(1,17,29,E)
(1,17,30,E)
(1,17,42,#)
(1,17,43,E)
(1,17,46,#)
(1,17,49,#)
(1,18,0,#)
(1,18,2,#)
(1,18,9,#)
(1,18,10,#)
(1,18,14,E)
(1,18,15,E)
(1,18,19,E)
(1,18,24,#)
(1,18,25,E)
(1,18,27,#)
(1,18,28,#)
(1,18,30,#)
(1,18,33,E)
(1,18,38,#)
(1,18,42,#)
(1,18,43,E)
(1,18,44,#)
(1,18,45,#)
(1,18,46,#)
(1,19,0,#)
(1,19,1,E)
(1,19,4,#)
(1,19,6,#)
(1,19,10,#)
(1,19,15,#)
(1,19,16,E)
(1,19,19,E)
(1,19,20,#)
(1,19,21,#)
(1,19,22,#)
(1,19,26,#)
(1,19,27,E)
(1,19,30,E)
(1,19,31,#)
(1,19,38,#)
(1,19,39,#)
(1,19,40,#)
(1,19,46,#)
(1,19,47,#)
(1,19,48,#)
(1,20,2,E)
(1,20,3,#)
(1,20,4,#)
(1,20,6,#)
(1,20,9,#)
(1,20,14,E)
(1,20,19,#)
(1,20,22,#)
(1,20,26,#)
(1,20,28,#)
(1,20,32,#)
(1,20,36,#)
(1,20,37,#)
(1,20,38,E)
(1,20,39,E)
(1,20,40,#)
(1,20,41,E)
(1,20,42,#)
(1,20,45,#)
(1,20,46,#)
(1,20,47,#)
(1,21,5,#)
(1,21,7,#)
(1,21,8,#)
(1,21,9,#)
(1,21,10,#)
(1,21,12,#)
(1,21,14,#)
(1,21,16,E)
(1,21,19,#)
(1,21,21,.)
(1,21,24,#)
(1,21,25,#)
(1,21,32,#)
(1,21,39,E)
(1,21,41,#)
(1,21,42,#)
(1,21,43,E)
(1,21,46,#)
(1,21,47,#)
(1,21,48,E)
(1,21,49,#)
(1,22,4,E)
(1,22,7,E)
(1,22,8,#)
(1,22,11,#)
(1,22,15,#)
(1,22,16,#)
(1,22,17,E)
(1,22,22,E)
(1,22,24,#)
(1,22,25,#)
(1,22,29,#)
(1,22,31,E)
(1,22,33,#)
(1,22,35,E)
(1,22,38,.)
(1,22,43,E)
(1,22,46,#)
(1,22,47,#)
(1,23,1,#)
(1,23,2,.)
(1,23,7,#)
(1,23,10,#)
(1,23,12,#)
(1,23,15,E)
(1,23,17,#)
(1,23,18,#)
(1,23,19,E)
(1,23,21,#)
(1,23,23,#)
(1,23,32,#)
(1,23,34,E)
(1,23,36,E)
(1,23,37,#)
(1,23,38,#)
(1,23,40,#)
(1,23,45,#)
(1,23,46,#)
(1,23,47,#)
(1,24,1,#)
(1,24,2,#)
(1,24,3,#)
(1,24,6,#)
(1,24,7,#)
(1,24,8,E)
(1,24,10,#)
(1,24,11,#)
(1,24,16,#)
(1,24,26,#)
(1,24,28,E)
(1,24,31,#)
(1,24,32,#)
(1,24,34,#)
(1,24,36,#)
(1,24,38,#)
(1,24,39,#)
(1,24,40,E)
(1,24,41,#)
(1,24,43,#)
(1,24,49,#)
(1,25,2,#)
(1,25,3,#)
(1,25,4,#)
(1,25,5,E)
(1,25,6,#)
(1,25,11,#)
(1,25,12,#)
(1,25,19,#)
(1,25,26,#)
(1,25,27,E)
(1,25,28,.)
(1,25,29,#)
(1,25,36,#)
(1,25,38,E)
(1,25,45,#)
(1,25,46,E)
(1,25,47,#)
(1,25,48,E)
(1,25,49,#)
(1,26,2,#)
(1,26,7,.)
(1,26,10,E)
(1,26,12,#)
(1,26,13,#)
(1,26,15,#)
(1,26,16,#)
(1,26,18,#)
(1,26,21,#)
(1,26,22,E)
(1,26,23,#)
(1,26,25,#)
(1,26,29,#)
(1,26,30,#)
(1,26,31,#)
(1,26,33,#)
(1,26,34,#)
(1,26,38,#)
(1,26,40,#)
(1,26,46,E)
(1,27,3,E)
(1,27,4,E)
(1,27,10,E)
(1,27,11,E)
(1,27,15,#)
(1,27,21,.)
(1,27,22,#)
(1,27,23,#)
(1,27,33,#)
(1,27,36,E)
(1,27,37,#)
(1,27,39,#)
(1,27,40,#)
(1,27,44,#)
(1,27,45,#)
(1,27,48,#)
(1,27,49,#)
(1,28,0,#)
(1,28,4,#)
(1,28,5,#)
(1,28,11,#)
(1,28,13,#)
(1,28,16,#)
(1,28,20,E)
(1,28,22,#)
(1,28,34,#)
(1,28,37,#)
(1,28,39,#)
(1,28,43,#)
(1,28,46,#)
(1,29,0,#)
(1,29,1,#)
(1,29,2,E)
(1,29,3,#)
(1,29,4,#)
(1,29,7,#)
(1,29,9,#)
(1,29,10,#)
(1,29,14,#)
(1,29,15,E)
(1,29,16,#)
(1,29,18,#)
(1,29,21,#)
(1,29,22,#)
(1,29,23,#)
(1,29,25,#)
(1,29,26,#)
(1,29,27,#)
(1,29,28,#)
(1,29,29,E)
(1,29,39,E)
(1,29,40,#)
(1,29,41,#)
(1,29,43,#)
(1,29,45,#)
(1,29,46,#)
(1,29,48,#)
(1,29,49,E)
(1,30,0,#)
(1,30,2,#)
(1,30,4,E)
(1,30,5,#)
(1,30,6,#)
(1,30,7,#)
(1,30,8,E)
(1,30,9,#)
(1,30,10,#)
(1,30,11,#)
(1,30,13,#)
(1,30,19,#)
(1,30,20,E)
(1,30,21,#)
(1,30,23,#)
(1,30,24,#)
(1,30,25,#)
(1,30,28,#)
(1,30,29,#)
(1,30,30,#)
(1,30,34,#)
(1,30,35,#)
(1,30,37,E)
(1,30,38,#)
(1,30,40,#)
(1,30,42,#)
(1,30,43,E)
(1,30,44,#)
(1,30,46,E)
(1,30,47,#)
(1,30,48,#)
(1,30,49,E)
(1,31,0,#)
(1,31,2,E)
(1,31,3,E)
(1,31,7,E)
(1,31,12,E)
(1,31,13,#)
(1,31,16,E)
(1,31,18,E)
(1,31,19,#)
(1,31,21,#)
(1,31,22,.)
(1,31,23,E)
(1,31,24,#)
(1,31,27,#)
(1,31,30,#)
(1,31,38,#)
(1,31,39,#)
(1,31,41,#)
(1,31,42,#)
(1,31,44,#)
(1,32,5,E)
(1,32,7,#)
(1,32,15,#)
(1,32,17,#)
(1,32,19,#)
(1,32,22,#)
(1,32,23,#)
(1,32,25,#)
(1,32,27,#)
(1,32,29,#)
(1,32,33,#)
(1,32,34,#)
(1,32,36,E)
(1,32,41,#)
(1,32,42,E)
(1,32,44,#)
(1,32,48,.)
(1,33,1,#)
(1,33,2,#)
(1,33,3,#)
(1,33,4,.)
(1,33,5,#)
(1,33,7,#)
(1,33,8,#)
(1,33,14,#)
(1,33,17,#)
(1,33,19,#)
(1,33,20,E)
(1,33,21,#)
(1,33,22,#)
(1,33,25,E)
(1,33,27,#)
(1,33,31,#)
(1,33,33,#)
(1,33,35,#)
(1,33,40,#)
(1,33,44,#)
(1,33,45,#)
(1,33,46,#)
(1,33,48,#)
(1,34,0,#)
(1,34,1,#)
(1,34,4,E)
(1,34,9,#)
(1,34,10,#)
(1,34,11,E)
(1,34,12,#)
(1,34,13,E)
(1,34,14,#)
(1,34,15,#)
(1,34,16,#)
(1,34,17,#)
(1,34,19,#)
(1,34,20,#)
(1,34,21,E)
(1,34,22,E)
(1,34,24,E)
(1,34,26,#)
(1,34,29,#)
(1,34,32,#)
(1,34,35,#)
(1,34,37,.)
(1,34,40,#)
(1,34,41,#)
(1,34,42,#)
(1,34,44,#)
(1,34,46,#)
(1,34,47,#)
(1,34,48,#)
(1,34,49,#)
(1,35,0,E)
(1,35,1,E)
(1,35,2,#)
(1,35,4,#)
(1,35,7,#)
(1,35,11,.)
(1,35,12,#)
(1,35,13,#)
(1,35,14,E)
(1,35,18,#)
(1,35,19,#)
(1,35,21,E)
(1,35,22,E)
(1,35,23,#)
(1,35,25,#)
(1,35,26,E)
(1,35,29,.)
(1,35,31,#)
(1,35,32,#)
(1,35,33,#)
(1,35,38,#)
(1,35,39,E)
(1,35,41,#)
(1,35,42,E)
(1,35,46,#)
(1,35,47,#)
(1,36,0,#)
(1,36,3,#)
(1,36,5,#)
(1,36,6,#)
(1,36,7,#)
(1,36,9,#)
(1,36,10,#)
(1,36,13,.)
(1,36,14,#)
(1,36,23,#)
(1,36,26,#)
(1,36,28,#)
(1,36,29,.)
(1,36,31,#)
(1,36,32,#)
(1,36,34,#)
(1,36,35,E)
(1,36,42,#)
(1,36,46,#)
(1,36,48,#)
(1,36,49,E)
(1,37,3,#)
(1,37,6,#)
(1,37,10,#)
(1,37,11,#)
(1,37,12,#)
(1,37,14,#)
(1,37,16,E)
(1,37,21,#)
(1,37,22,#)
(1,37,25,E)
(1,37,26,E)
(1,37,29,E)
(1,37,32,#)
(1,37,33,#)
(1,37,36,E)
(1,37,40,#)
(1,37,42,#)
(1,37,45,#)
(1,37,46,#)
(1,37,49,#)
(1,38,0,#)
(1,38,2,#)
(1,38,4,#)
(1,38,5,#)
(1,38,6,#)
(1,38,8,#)
(1,38,9,#)
(1,38,10,#)
(1,38,11,E)
(1,38,12,#)
(1,38,14,#)
(1,38,16,#)
(1,38,17,#)
(1,38,20,#)
(1,38,21,#)
(1,38,25,#)
(1,38,31,#)
(1,38,37,#)
(1,38,41,#)
(1,38,44,#)
(1,38,46,#)
(1,39,1,#)
(1,39,4,#)
(1,39,5,#)
(1,39,7,#)
(1,39,8,#)
(1,39,9,#)
(1,39,15,E)
(1,39,16,#)
(1,39,18,E)
(1,39,21,#)
(1,39,22,#)
(1,39,24,#)
(1,39,25,E)
(1,39,29,#)
(1,39,30,#)
(1,39,32,#)
(1,39,34,#)
(1,39,35,#)
(1,39,36,#)
(1,39,37,#)
(1,39,39,#)
(1,39,41,#)
(1,39,47,E)
(1,39,49,#)
(1,40,0,#)
(1,40,2,.)
(1,40,3,E)
(1,40,4,#)
(1,40,6,#)
(1,40,7,#)
(1,40,9,#)
(1,40,10,E)
(1,40,11,#)
(1,40,13,#)
(1,40,16,#)
(1,40,23,.)
(1,40,28,#)
(1,40,29,E)
(1,40,30,#)
(1,40,31,#)
(1,40,34,#)
(1,40,35,#)
(1,40,36,#)
(1,40,43,#)
(1,40,48,#)
(1,41,0,E)
(1,41,3,#)
(1,41,7,#)
(1,41,14,#)
(1,41,18,E)
(1,41,22,E)
(1,41,25,#)
(1,41,27,#)
(1,41,28,#)
(1,41,29,#)
(1,41,30,#)
(1,41,32,E)
(1,41,33,#)
(1,41,34,#)
(1,41,35,#)
(1,41,40,#)
(1,41,41,#)
(1,41,44,#)
(1,41,47,#)
(1,41,48,E)
(1,41,49,#)
(1,42,1,E)
(1,42,3,#)
(1,42,5,E)
(1,42,8,.)
(1,42,9,.)
(1,42,10,#)
(1,42,13,#)
(1,42,16,#)
(1,42,17,E)
(1,42,20,#)
(1,42,21,#)
(1,42,22,#)
(1,42,25,#)
(1,42,31,#)
(1,42,32,#)
(1,42,34,#)
(1,42,38,E)
(1,42,39,E)
(1,42,43,E)
(1,42,44,#)
(1,42,45,#)
(1,42,48,E)
(1,43,3,#)
(1,43,6,#)
(1,43,9,#)
(1,43,10,#)
(1,43,15,#)
(1,43,17,E)
(1,43,18,E)
(1,43,21,#)
(1,43,22,E)
(1,43,24,E)
(1,43,32,#)
(1,43,34,#)
(1,43,35,#)
(1,43,36,#)
(1,43,37,#)
(1,43,38,#)
(1,43,44,#)
(1,43,45,E)
(1,43,48,#)
(1,44,0,#)
(1,44,3,#)
(1,44,4,#)
(1,44,5,#)
(1,44,6,#)
(1,44,7,#)
(1,44,13,#)
(1,44,14,#)
(1,44,19,#)
(1,44,24,#)
(1,44,29,#)
(1,44,31,#)
(1,44,33,#)
(1,44,36,#)
(1,44,37,#)
(1,44,43,#)
(1,44,44,#)
(1,44,45,E)
(1,44,46,#)
(1,44,47,#)
(1,44,48,#)
(1,44,49,#)
(1,45,0,E)
(1,45,2,E)
(1,45,3,E)
(1,45,4,#)
(1,45,5,#)
(1,45,6,#)
(1,45,7,#)
(1,45,8,#)
(1,45,10,#)
(1,45,12,E)
(1,45,13,E)
(1,45,15,#)
(1,45,16,#)
(1,45,20,E)
(1,45,22,#)
(1,45,23,#)
(1,45,24,#)
(1,45,31,E)
(1,45,35,#)
(1,45,40,E)
(1,45,42,.)
(1,45,44,#)
(1,45,45,E)
(1,45,47,#)
(1,46,1,#)
(1,46,6,#)
(1,46,7,#)
(1,46,8,#)
(1,46,12,#)
(1,46,14,#)
(1,46,16,#)
(1,46,17,#)
(1,46,18,#)
(1,46,21,#)
(1,46,23,#)
(1,46,28,#)
(1,46,30,#)
(1,46,31,#)
(1,46,32,#)
(1,46,35,#)
(1,46,36,E)
(1,46,40,E)
(1,46,41,#)
(1,46,42,#)
(1,46,43,E)
(1,46,44,#)
(1,47,0,#)
(1,47,9,#)
(1,47,10,#)
(1,47,11,#)
(1,47,17,E)
(1,47,18,#)
(1,47,20,#)
(1,47,21,#)
(1,47,24,#)
(1,47,26,#)
(1,47,30,#)
(1,47,31,#)
(1,47,34,#)
(1,47,39,#)
(1,47,41,#)
(1,47,43,#)
(1,47,45,#)
(1,48,0,.)
(1,48,7,#)
(1,48,8,E)
(1,48,9,#)
(1,48,10,#)
(1,48,11,#)
(1,48,12,#)
(1,48,13,#)
(1,48,23,E)
(1,48,24,#)
(1,48,27,#)
(1,48,30,#)
(1,48,32,#)
(1,48,34,#)
(1,48,37,#)
(1,48,40,.)
(1,48,42,E)
(1,48,45,#)
(1,49,0,#)
(1,49,1,E)
(1,49,5,#)
(1,49,8,#)
(1,49,9,#)
(1,49,10,#)
(1,49,15,#)
(1,49,16,#)
(1,49,17,#)
(1,49,19,E)
(1,49,22,#)
(1,49,24,.)
(1,49,26,#)
(1,49,29,#)
(1,49,30,#)
(1,49,31,#)
(1,49,33,#)
(1,49,34,#)
(1,49,35,#)
(1,49,38,#)
(1,49,43,#)
(1,49,48,#)
//level 2
(2,0,3,#)
(2,0,4,#)
(2,0,5,#)
(2,0,6,#)
(2,0,7,.)
(2,0,8,#)
(2,0,10,#)
(2,0,12,#)
(2,0,14,E)
(2,0,19,E)
(2,0,22,#)
(2,0,27,#)
(2,0,29,#)
(2,0,32,#)
(2,0,33,#)
(2,0,41,E)
(2,0,42,#)
(2,0,44,#)
(2,0,46,#)
(2,0,49,#)
(2,1,4,#)
(2,1,5,#)
(2,1,8,#)
(2,1,10,#)
(2,1,15,#)
(2,1,16,#)
(2,1,17,#)
(2,1,19,#)
(2,1,20,#)
(2,1,23,#)
(2,1,25,E)
(2,1,27,#)
(2,1,35,E)
(2,1,41,E)
(2,1,42,E)
(2,1,44,#)
(2,1,48,#)
(2,2,0,E)
(2,2,3,.)
(2,2,11,#)
(2,2,14,#)
(2,2,22,E)
(2,2,23,#)
(2,2,28,#)
(2,2,29,#)
(2,2,30,#)
(2,2,31,#)
(2,2,36,.)
(2,2,40,E)
(2,2,41,#)
(2,2,42,#)
(2,2,49,#)
(2,3,0,#)
(2,3,3,E)
(2,3,5,.)
(2,3,6,.)
(2,3,8,E)
(2,3,9,#)
(2,3,10,#)
(2,3,14,#)
(2,3,16,#)
(2,3,17,#)
(2,3,18,#)
(2,3,19,#)
(2,3,21,#)
(2,3,23,#)
(2,3,24,#)
(2,3,25,E)
(2,3,26,E)
(2,3,27,E)
(2,3,29,#)
(2,3,36,E)
(2,3,38,E)
(2,3,39,#)
(2,3,46,#)
(2,4,2,#)
(2,4,3,#)
(2,4,5,#)
(2,4,6,#)
(2,4,8,#)
(2,4,10,#)
(2,4,11,#)
(2,4,13,#)
(2,4,16,#)
(2,4,18,#)
(2,4,22,#)
(2,4,24,E)
(2,4,25,#)
(2,4,26,.)
(2,4,28,#)
(2,4,30,#)
(2,4,33,E)
(2,4,34,#)
(2,4,39,E)
(2,4,40,#)
(2,4,42,#)
(2,4,45,#)
(2,4,48,#)
(2,4,49,#)
(2,5,1,.)
(2,5,4,#)
(2,5,5,#)
(2,5,8,#)
(2,5,9,E)
(2,5,12,.)
(2,5,15,#)
(2,5,17,#)
(2,5,19,#)
(2,5,20,#)
(2,5,21,#)
(2,5,22,#)
(2,5,23,#)
(2,5,24,E)
(2,5,27,#)
(2,5,28,#)
(2,5,30,#)
(2,5,32,#)
(2,5,33,#)
(2,5,35,#)
(2,5,41,#)
(2,5,44,#)
(2,5,45,E)
(2,6,0,#)
(2,6,2,#)
(2,6,3,#)
(2,6,4,#)
(2,6,7,#)
(2,6,9,E)
(2,6,15,#)
(2,6,16,#)
(2,6,17,#)
(2,6,18,#)
(2,6,22,#)
(2,6,30,#)
(2,6,37,#)
(2,6,44,#)
(2,7,7,#)
(2,7,12,#)
(2,7,16,#)
(2,7,18,#)
(2,7,19,E)
(2,7,20,E)
(2,7,22,#)
(2,7,26,#)
(2,7,27,#)
(2,7,28,#)
(2,7,29,E)
(2,7,34,#)
(2,7,35,#)
(2,7,36,#)
(2,7,39,#)
(2,7,41,#)
(2,7,42,.)
(2,7,46,#)
(2,7,48,#)
(2,7,49,#)
(2,8,4,E)
(2,8,9,#)
(2,8,17,#)
(2,8,23,.)
(2,8,26,#)
(2,8,27,#)
(2,8,29,#)
(2,8,31,#)
(2,8,32,#)
(2,8,33,#)
(2,8,34,#)
(2,8,35,#)
(2,8,39,#)
(2,8,41,#)
(2,8,43,#)
(2,8,44,.)
(2,8,49,#)
(2,9,2,.)
(2,9,4,#)
(2,9,9,#)
(2,9,12,E)
(2,9,14,#)
(2,9,15,#)
(2,9,16,#)
(2,9,18,#)
(2,9,23,#)
(2,9,25,#)
(2,9,26,#)
(2,9,29,#)
(2,9,31,#)
(2,9,32,#)
(2,9,33,.)
(2,9,34,#)
(2,9,36,#)
(2,9,39,E)
(2,9,41,#)
(2,9,42,#)
(2,9,45,#)
(2,9,49,.)
(2,10,0,#)
(2,10,1,E)
(2,10,6,#)
(2,10,7,E)
(2,10,9,#)
(2,10,14,#)
(2,10,16,#)
(2,10,17,#)
(2,10,18,.)
(2,10,20,#)
(2,10,22,#)
(2,10,23,E)
(2,10,26,#)
(2,10,30,#)
(2,10,32,.)
(2,10,34,#)
(2,10,39,#)
(2,10,40,#)
(2,10,43,#)
(2,10,44,E)
(2,10,46,#)
(2,11,6,E)
(2,11,8,E)
(2,11,20,#)
(2,11,27,#)
(2,11,29,E)
(2,11,32,#)
(2,11,33,#)
(2,11,34,E)
(2,11,35,E)
(2,11,37,E)
(2,11,38,#)
(2,11,48,#)
(2,11,49,#)
(2,12,1,#)
(2,12,3,#)
(2,12,4,.)
(2,12,5,#)
(2,12,9,#)
(2,12,10,#)
(2,12,11,#)
(2,12,12,#)
(2,12,13,E)
(2,12,24,#)
(2,12,26,E)
(2,12,29,#)
(2,12,30,#)
(2,12,31,#)
(2,12,34,#)
(2,12,39,#)
(2,12,41,#)
(2,12,49,E)
(2,13,2,E)
(2,13,3,#)
(2,13,4,#)
(2,13,10,#)
(2,13,12,#)
(2,13,13,#)
(2,13,16,#)
(2,13,17,#)
(2,13,21,#)
(2,13,22,#)
(2,13,24,E)
(2,13,26,#)
(2,13,28,#)
(2,13,29,#)
(2,13,30,#)
(2,13,31,#)
(2,13,32,#)
(2,13,34,E)
(2,13,38,#)
(2,13,39,#)
(2,13,40,#)
(2,13,43,#)
(2,13,46,#)
(2,13,47,#)
(2,13,48,#)
(2,13,49,E)
(2,14,0,#)
(2,14,3,#)
(2,14,4,#)
(2,14,5,#)
(2,14,8,#)
(2,14,11,#)
(2,14,13,#)
(2,14,17,#)
(2,14,19,#)
(2,14,23,E)
(2,14,24,#)
(2,14,26,#)
(2,14,28,E)
(2,14,34,#)
(2,14,35,E)
(2,14,38,#)
(2,14,39,#)
(2,14,40,#)
(2,14,48,#)
(2,15,1,#)
(2,15,2,#)
(2,15,11,#)
(2,15,12,#)
(2,15,13,#)
(2,15,14,#)
(2,15,17,#)
(2,15,18,#)
(2,15,20,#)
(2,15,22,E)
(2,15,23,#)
(2,15,24,#)
(2,15,25,E)
(2,15,28,#)
(2,15,29,#)
(2,15,30,#)
(2,15,31,#)
(2,15,32,E)
(2,15,33,#)
(2,15,34,#)
(2,15,35,#)
(2,15,36,#)
(2,15,37,.)
(2,15,39,#)
(2,15,40,E)
(2,15,43,#)
(2,15,44,E)
(2,15,45,E)
(2,15,46,E)
(2,15,47,#)
(2,16,0,E)
(2,16,4,E)
(2,16,6,#)
(2,16,7,#)
(2,16,12,#)
(2,16,14,#)
(2,16,15,#)
(2,16,17,#)
(2,16,20,#)
(2,16,24,E)
(2,16,33,#)
(2,16,34,E)
(2,16,35,#)
(2,16,36,#)
(2,16,38,#)
(2,16,39,#)
(2,16,40,#)
(2,16,42,#)
(2,16,44,#)
(2,16,45,E)
(2,16,46,.)
(2,16,49,E)
(2,17,5,#)
(2,17,6,E)
(2,17,7,#)
(2,17,9,#)
(2,17,10,#)
(2,17,16,#)
(2,17,17,#)
(2,17,26,E)
(2,17,27,#)
(2,17,29,E)
(2,17,35,#)
(2,17,39,#)
(2,17,41,#)
(2,17,42,E)
(2,17,44,#)
(2,17,45,#)
(2,18,0,#)
(2,18,4,#)
(2,18,9,#)
(2,18,13,#)
(2,18,14,E)
(2,18,15,E)
(2,18,16,#)
(2,18,21,E)
(2,18,26,.)
(2,18,29,#)
(2,18,30,#)
(2,18,32,#)
(2,18,37,#)
(2,18,44,#)
(2,18,45,.)
(2,18,47,#)
(2,19,0,#)
(2,19,6,#)
(2,19,10,E)
(2,19,12,#)
(2,19,13,#)
(2,19,19,#)
(2,19,21,#)
(2,19,23,#)
(2,19,27,#)
(2,19,29,#)
(2,19,31,#)
(2,19,32,#)
(2,19,33,#)
(2,19,34,#)
(2,19,36,#)
(2,19,42,#)
(2,19,43,#)
(2,19,44,.)
(2,19,45,#)
(2,19,47,#)
(2,19,48,#)
(2,20,1,#)
(2,20,8,#)
(2,20,10,.)
(2,20,17,#)
(2,20,18,#)
(2,20,22,#)
(2,20,23,#)
(2,20,25,#)
(2,20,26,E)
(2,20,27,#)
(2,20,29,E)
(2,20,32,#)
(2,20,36,#)
(2,20,38,#)
(2,20,40,#)
(2,20,42,#)
(2,20,45,E)
(2,20,47,#)
(2,20,49,#)
(2,21,2,#)
(2,21,5,#)
(2,21,6,#)
(2,21,12,#)
(2,21,17,.)
(2,21,18,#)
(2,21,19,.)
(2,21,26,#)
(2,21,29,#)
(2,21,32,E)
(2,21,33,#)
(2,21,34,#)
(2,21,35,#)
(2,21,37,E)
(2,21,38,#)
(2,21,42,E)
(2,21,44,#)
(2,21,47,#)
(2,21,49,E)
(2,22,3,#)
(2,22,8,#)
(2,22,11,#)
(2,22,12,#)
(2,22,13,E)
(2,22,15,#)
(2,22,18,#)
(2,22,21,#)
(2,22,24,#)
(2,22,25,#)
(2,22,27,#)
(2,22,28,E)
(2,22,33,#)
(2,22,35,#)
(2,22,37,#)
(2,22,38,#)
(2,22,39,#)
(2,22,41,#)
(2,22,42,#)
(2,22,44,#)
(2,22,45,#)
(2,22,47,#)
(2,23,2,E)
(2,23,5,#)
(2,23,8,.)
(2,23,12,#)
(2,23,13,#)
(2,23,14,#)
(2,23,17,#)
(2,23,20,#)
(2,23,23,#)
(2,23,26,#)
(2,23,29,#)
(2,23,31,#)
(2,23,32,#)
(2,23,33,#)
(2,23,34,#)
(2,23,37,E)
(2,23,39,#)
(2,23,41,#)
(2,23,42,#)
(2,23,43,.)
(2,23,44,#)
(2,23,45,#)
(2,24,0,E)
(2,24,4,#)
(2,24,5,#)
(2,24,9,#)
(2,24,10,#)
(2,24,11,#)
(2,24,14,E)
(2,24,15,#)
(2,24,18,#)
(2,24,21,#)
(2,24,22,#)
(2,24,25,E)
(2,24,29,#)
(2,24,32,#)
(2,24,39,#)
(2,24,40,#)
(2,24,41,#)
(2,24,42,.)
(2,24,43,#)
(2,24,45,E)
(2,24,46,#)
(2,24,49,E)
(2,25,5,#)
(2,25,7,#)
(2,25,8,#)
(2,25,9,E)
(2,25,12,#)
(2,25,14,E)
(2,25,15,#)
(2,25,16,#)
(2,25,21,#)
(2,25,22,#)
(2,25,25,E)
(2,25,27,#)
(2,25,28,#)
(2,25,33,#)
(2,25,34,E)
(2,25,43,#)
(2,25,45,#)
(2,25,46,#)
(2,25,48,#)
(2,25,49,E)
(2,26,0,E)
(2,26,1,#)
(2,26,2,#)
(2,26,3,#)
(2,26,4,#)
(2,26,7,#)
(2,26,8,#)
(2,26,13,#)
(2,26,14,#)
(2,26,15,#)
(2,26,17,E)
(2,26,19,#)
(2,26,22,#)
(2,26,27,#)
(2,26,30,#)
(2,26,31,#)
(2,26,32,#)
(2,26,33,#)
(2,26,34,#)
(2,26,37,#)
(2,26,38,#)
(2,26,43,.)
(2,26,44,E)
(2,26,47,#)
(2,26,48,E)
(2,27,0,#)
(2,27,1,#)
(2,27,7,E)
(2,27,8,#)
(2,27,12,#)
(2,27,13,#)
(2,27,14,#)
(2,27,16,E)
(2,27,19,#)
(2,27,21,#)
(2,27,25,#)
(2,27,26,#)
(2,27,28,#)
(2,27,29,.)
(2,27,30,#)
(2,27,31,#)
(2,27,33,.)
(2,27,34,#)
(2,27,35,E)
(2,27,37,E)
(2,27,38,#)
(2,27,39,#)
(2,27,41,#)
(2,27,44,#)
(2,27,45,E)
(2,27,48,#)
(2,27,49,#)
(2,28,2,E)
(2,28,4,#)
(2,28,5,#)
(2,28,6,E)
(2,28,9,E)
(2,28,12,#)
(2,28,13,#)
(2,28,15,#)
(2,28,17,.)
(2,28,18,#)
(2,28,23,#)
(2,28,25,#)
(2,28,26,E)
(2,28,30,E)
(2,28,31,E)
(2,28,33,#)
(2,28,34,#)
(2,28,40,#)
(2,28,42,#)
(2,28,44,.)
(2,28,45,#)
(2,29,0,#)
(2,29,1,#)
(2,29,2,E)
(2,29,5,#)
(2,29,6,#)
(2,29,9,#)
(2,29,10,.)
(2,29,12,#)
(2,29,15,E)
(2,29,16,#)
(2,29,17,#)
(2,29,18,#)
(2,29,21,#)
(2,29,23,E)
(2,29,27,#)
(2,29,29,#)
(2,29,31,#)
(2,29,38,#)
(2,29,42,#)
(2,29,43,#)
(2,29,44,#)
(2,29,45,#)
(2,29,48,#)
(2,30,0,#)
(2,30,2,E)
(2,30,4,#)
(2,30,7,#)
(2,30,10,#)
(2,30,12,#)
(2,30,14,#)
(2,30,17,#)
(2,30,20,E)
(2,30,24,#)
(2,30,26,#)
(2,30,28,#)
(2,30,30,#)
(2,30,32,#)
(2,30,38,#)
(2,30,42,#)
(2,30,43,#)
(2,30,44,#)
(2,30,47,.)
(2,31,4,E)
(2,31,6,#)
(2,31,7,#)
(2,31,8,#)
(2,31,10,#)
(2,31,11,#)
(2,31,15,#)
(2,31,16,#)
(2,31,18,#)
(2,31,21,E)
(2,31,26,#)
(2,31,27,#)
(2,31,29,#)
(2,31,30,#)
(2,31,31,#)
(2,31,33,#)
(2,31,34,#)
(2,31,35,E)
(2,31,36,#)
(2,31,38,#)
(2,31,39,#)
(2,31,40,#)
(2,31,42,#)
(2,31,43,#)
(2,31,44,#)
(2,31,46,#)
(2,31,47,E)
(2,31,48,E)
(2,31,49,#)
(2,32,0,#)
(2,32,1,.)
(2,32,2,E)
(2,32,3,#)
(2,32,5,E)
(2,32,6,#)
(2,32,8,#)
(2,32,9,#)
(2,32,10,E)
(2,32,11,#)
(2,32,18,#)
(2,32,24,E)
(2,32,27,#)
(2,32,31,#)
(2,32,34,#)
(2,32,35,E)
(2,32,38,#)
(2,32,39,#)
(2,32,41,#)
(2,32,42,#)
(2,32,43,#)
(2,32,44,E)
(2,32,48,#)
(2,32,49,E)
(2,33,0,#)
(2,33,1,#)
(2,33,3,E)
(2,33,4,#)
(2,33,6,.)
(2,33,7,#)
(2,33,11,#)
(2,33,13,#)
(2,33,15,#)
(2,33,19,#)
(2,33,22,.)
(2,33,23,#)
(2,33,29,#)
(2,33,34,E)
(2,33,38,#)
(2,33,40,#)
(2,33,44,#)
(2,33,46,#)
(2,33,48,#)
(2,33,49,#)
(2,34,6,E)
(2,34,8,#)
(2,34,9,#)
(2,34,10,#)
(2,34,11,#)
(2,34,15,#)
(2,34,19,#)
(2,34,21,E)
(2,34,22,#)
(2,34,29,#)
(2,34,31,#)
(2,34,34,#)
(2,34,36,#)
(2,34,39,#)
(2,34,49,E)
(2,35,3,#)
(2,35,7,E)
(2,35,8,#)
(2,35,9,#)
(2,35,12,E)
(2,35,16,#)
(2,35,19,#)
(2,35,20,E)
(2,35,22,#)
(2,35,24,#)
(2,35,27,#)
(2,35,28,#)
(2,35,30,#)
(2,35,33,#)
(2,35,34,E)
(2,35,37,#)
(2,35,38,#)
(2,35,43,#)
(2,35,46,#)
(2,35,48,#)
(2,36,1,#)
(2,36,3,#)
(2,36,4,#)
(2,36,7,#)
(2,36,8,E)
(2,36,13,E)
(2,36,21,#)
(2,36,24,#)
(2,36,28,#)
(2,36,29,#)
(2,36,30,#)
(2,36,40,E)
(2,36,44,.)
(2,36,45,#)
(2,36,46,#)
(2,36,48,#)
(2,36,49,#)
(2,37,0,E)
(2,37,3,#)
(2,37,8,E)
(2,37,12,#)
(2,37,16,#)
(2,37,20,.)
(2,37,22,#)
(2,37,23,#)
(2,37,24,#)
(2,37,25,#)
(2,37,26,E)
(2,37,27,.)
(2,37,28,E)
(2,37,31,#)
(2,37,32,E)
(2,37,38,#)
(2,37,39,#)
(2,37,40,#)
(2,37,46,#)
(2,37,48,#)
(2,38,1,#)
(2,38,2,#)
(2,38,4,#)
(2,38,5,E)
(2,38,7,#)
(2,38,11,#)
(2,38,12,#)
(2,38,15,E)
(2,38,21,#)
(2,38,23,#)
(2,38,32,#)
(2,38,33,#)
(2,38,35,#)
(2,38,37,#)
(2,38,41,#)
(2,38,42,E)
(2,38,43,#)
(2,38,44,#)
(2,38,48,E)
(2,38,49,#)
(2,39,6,#)
(2,39,7,#)
(2,39,12,E)
(2,39,13,#)
(2,39,15,#)
(2,39,19,#)
(2,39,20,.)
(2,39,24,#)
(2,39,26,#)
(2,39,28,#)
(2,39,29,#)
(2,39,32,E)
(2,39,33,#)
(2,39,35,#)
(2,39,36,#)
(2,39,38,E)
(2,39,41,.)
(2,39,46,E)
(2,39,47,#)
(2,39,48,E)
(2,40,0,#)
(2,40,1,#)
(2,40,2,#)
(2,40,4,E)
(2,40,7,#)
(2,40,8,E)
(2,40,11,#)
(2,40,12,#)
(2,40,15,.)
(2,40,16,#)
(2,40,18,#)
(2,40,19,E)
(2,40,23,#)
(2,40,24,#)
(2,40,28,#)
(2,40,29,#)
(2,40,31,#)
(2,40,34,#)
(2,40,35,#)
(2,40,38,#)
(2,40,40,#)
(2,40,42,.)
(2,40,44,#)
(2,40,46,E)
(2,40,47,#)
(2,40,48,#)
(2,40,49,#)
(2,41,0,E)
(2,41,1,E)
(2,41,6,#)
(2,41,8,#)
(2,41,10,#)
(2,41,14,#)
(2,41,15,#)
(2,41,16,E)
(2,41,23,#)
(2,41,24,#)
(2,41,25,#)
(2,41,28,#)
(2,41,29,E)
(2,41,30,#)
(2,41,31,#)
(2,41,32,#)
(2,41,35,#)
(2,41,39,E)
(2,41,42,#)
(2,41,43,E)
(2,41,44,#)
(2,41,47,#)
(2,41,48,#)
(2,42,3,E)
(2,42,9,#)
(2,42,10,#)
(2,42,15,#)
(2,42,21,E)
(2,42,25,#)
(2,42,27,#)
(2,42,30,#)
(2,42,32,#)
(2,42,35,#)
(2,42,36,#)
(2,42,37,#)
(2,42,39,#)
(2,42,43,#)
(2,42,45,#)
(2,42,46,.)
(2,42,47,#)
(2,42,49,#)
(2,43,0,#)
(2,43,2,#)
(2,43,3,#)
(2,43,5,E)
(2,43,9,E)
(2,43,10,#)
(2,43,12,#)
(2,43,13,#)
(2,43,15,E)
(2,43,18,#)
(2,43,20,#)
(2,43,21,#)
(2,43,22,#)
(2,43,23,.)
(2,43,27,E)
(2,43,29,E)
(2,43,31,E)
(2,43,34,#)
(2,43,37,#)
(2,43,40,#)
(2,43,42,#)
(2,43,43,#)
(2,43,44,E)
(2,43,46,#)
(2,43,47,#)
(2,44,0,#)
(2,44,2,.)
(2,44,5,#)
(2,44,9,E)
(2,44,10,#)
(2,44,13,#)
(2,44,14,#)
(2,44,15,#)
(2,44,17,#)
(2,44,18,#)
(2,44,19,#)
(2,44,21,#)
(2,44,22,#)
(2,44,27,#)
(2,44,31,#)
(2,44,34,#)
(2,44,35,#)
(2,44,37,#)
(2,45,0,#)
(2,45,2,#)
(2,45,3,E)
(2,45,6,#)
(2,45,7,#)
(2,45,9,#)
(2,45,10,#)
(2,45,11,#)
(2,45,13,#)
(2,45,17,#)
(2,45,18,#)
(2,45,19,E)
(2,45,20,#)
(2,45,21,#)
(2,45,22,#)
(2,45,23,E)
(2,45,26,#)
(2,45,28,#)
(2,45,29,E)
(2,45,30,#)
(2,45,31,#)
(2,45,34,#)
(2,45,36,#)
(2,45,37,#)
(2,45,38,#)
(2,45,40,#)
(2,45,42,E)
(2,45,45,#)
(2,45,46,E)
(2,46,2,#)
(2,46,3,#)
(2,46,5,#)
(2,46,9,#)
(2,46,14,.)
(2,46,15,#)
(2,46,16,#)
(2,46,18,#)
(2,46,20,#)
(2,46,21,#)
(2,46,23,#)
(2,46,26,#)
(2,46,28,#)
(2,46,29,#)
(2,46,30,E)
(2,46,31,#)
(2,46,32,.)
(2,46,36,#)
(2,46,37,#)
(2,46,38,#)
(2,46,40,#)
(2,46,43,#)
(2,47,0,.)
(2,47,5,E)
(2,47,7,#)
(2,47,9,#)
(2,47,11,E)
(2,47,14,E)
(2,47,18,#)
(2,47,19,#)
(2,47,20,E)
(2,47,21,#)
(2,47,22,#)
(2,47,23,#)
(2,47,24,#)
(2,47,26,#)
(2,47,29,E)
(2,47,30,#)
(2,47,33,E)
(2,47,34,#)
(2,47,36,#)
(2,47,40,#)
(2,47,41,#)
(2,47,44,#)
(2,47,47,E)
(2,47,48,#)
(2,47,49,#)
(2,48,0,#)
(2,48,1,#)
(2,48,5,#)
(2,48,7,#)
(2,48,8,#)
(2,48,9,#)
(2,48,12,#)
(2,48,13,#)
(2,48,17,E)
(2,48,18,E)
(2,48,20,#)
(2,48,21,E)
(2,48,22,#)
(2,48,26,#)
(2,48,29,#)
(2,48,35,E)
(2,48,39,#)
(2,48,42,#)
(2,48,44,#)
(2,48,45,.)
(2,48,46,E)
(2,48,48,#)
(2,48,49,E)
(2,49,0,E)
(2,49,6,#)
(2,49,12,#)
(2,49,15,#)
(2,49,18,#)
(2,49,20,#)
(2,49,22,#)
(2,49,23,#)
(2,49,24,E)
(2,49,27,#)
(2,49,28,.)
(2,49,29,#)
(2,49,30,#)
(2,49,34,#)
(2,49,35,#)
(2,49,37,#)
(2,49,38,E)
(2,49,40,#)
(2,49,42,#)
(2,49,43,E)
(2,49,44,E)
(2,49,46,#)
(2,49,49,#)
//level 3
(3,0,1,#)
(3,0,3,#)
(3,0,4,E)
(3,0,6,E)
(3,0,7,E)
(3,0,8,.)
(3,0,12,#)
(3,0,14,#)
(3,0,18,#)
(3,0,21,E)
(3,0,22,E)
(3,0,24,#)
(3,0,25,E)
(3,0,27,#)
(3,0,30,E)
(3,0,32,#)
(3,0,34,#)
(3,0,38,#)
(3,0,40,#)
(3,0,41,#)
(3,1,0,#)
(3,1,2,E)
(3,1,4,#)
(3,1,6,#)
(3,1,8,#)
(3,1,10,E)
(3,1,13,#)
(3,1,15,#)
(3,1,16,E)
(3,1,17,#)
(3,1,18,#)
(3,1,19,.)
(3,1,22,E)
(3,1,24,E)
(3,1,25,#)
(3,1,26,E)
(3,1,27,E)
(3,1,29,#)
(3,1,35,#)
(3,1,36,.)
(3,1,37,#)
(3,1,41,#)
(3,1,42,#)
(3,1,44,E)
(3,1,46,#)
(3,1,47,#)
(3,1,48,#)
(3,2,2,#)
(3,2,8,#)
(3,2,12,#)
(3,2,15,#)
(3,2,18,#)
(3,2,30,#)
(3,2,31,E)
(3,2,33,#)
(3,2,34,E)
(3,2,35,E)
(3,2,40,E)
(3,2,41,#)
(3,2,42,#)
(3,2,45,#)
(3,2,47,E)
(3,2,48,#)
(3,3,0,#)
(3,3,2,E)
(3,3,11,E)
(3,3,12,E)
(3,3,13,#)
(3,3,16,#)
(3,3,18,#)
(3,3,19,E)
(3,3,20,#)
(3,3,22,#)
(3,3,24,#)
(3,3,25,#)
(3,3,26,#)
(3,3,28,.)
(3,3,31,#)
(3,3,32,E)
(3,3,37,E)
(3,3,38,#)
(3,3,40,#)
(3,3,41,#)
(3,3,44,#)
(3,3,46,#)
(3,3,48,.)
(3,4,1,#)
(3,4,3,E)
(3,4,5,#)
(3,4,9,#)
(3,4,10,E)
(3,4,13,#)
(3,4,15,#)
(3,4,17,E)
(3,4,24,#)
(3,4,25,#)
(3,4,29,#)
(3,4,30,E)
(3,4,31,.)
(3,4,33,.)
(3,4,35,#)
(3,4,38,E)
(3,4,39,#)
(3,4,42,#)
(3,4,47,#)
(3,4,48,E)
(3,5,1,E)
(3,5,2,#)
(3,5,4,E)
(3,5,6,#)
(3,5,14,#)
(3,5,15,#)
(3,5,19,E)
(3,5,20,#)
(3,5,21,#)
(3,5,24,#)
(3,5,25,#)
(3,5,26,#)
(3,5,27,#)
(3,5,30,#)
(3,5,35,#)
(3,5,37,E)
(3,5,38,#)
(3,5,39,.)
(3,5,41,#)
(3,5,42,E)
(3,5,45,E)
(3,5,48,#)
(3,6,2,.)
(3,6,4,#)
(3,6,5,#)
(3,6,8,.)
(3,6,12,#)
(3,6,13,#)
(3,6,16,#)
(3,6,17,#)
(3,6,18,#)
(3,6,20,E)
(3,6,21,E)
(3,6,24,#)
(3,6,25,E)
(3,6,27,.)
(3,6,28,#)
(3,6,30,#)
(3,6,31,#)
(3,6,34,#)
(3,6,35,#)
(3,6,37,#)
(3,6,42,E)
(3,6,44,#)
(3,6,47,E)
(3,7,1,#)
(3,7,3,#)
(3,7,7,#)
(3,7,9,#)
(3,7,12,E)
(3,7,13,#)
(3,7,15,#)
(3,7,17,#)
(3,7,19,E)
(3,7,24,#)
(3,7,25,#)
(3,7,26,#)
(3,7,27,#)
(3,7,32,#)
(3,7,34,.)
(3,7,36,#)
(3,7,44,#)
(3,7,46,#)
(3,7,47,#)
(3,8,2,#)
(3,8,12,E)
(3,8,14,#)
(3,8,17,#)
(3,8,19,E)
(3,8,20,E)
(3,8,22,E)
(3,8,28,#)
(3,8,30,E)
(3,8,33,#)
(3,8,34,E)
(3,8,36,#)
(3,8,41,E)
(3,8,42,#)
(3,8,43,E)
(3,8,44,#)
(3,9,0,#)
(3,9,3,#)
(3,9,4,#)
(3,9,6,#)
(3,9,8,E)
(3,9,9,E)
(3,9,12,#)
(3,9,13,#)
(3,9,15,E)
(3,9,17,E)
(3,9,20,#)
(3,9,23,#)
(3,9,24,#)
(3,9,27,E)
(3,9,32,#)
(3,9,33,#)
(3,9,43,#)
(3,10,0,#)
(3,10,3,.)
(3,10,6,#)
(3,10,8,#)
(3,10,10,#)
(3,10,12,#)
(3,10,16,#)
(3,10,20,#)
(3,10,22,#)
(3,10,23,#)
(3,10,28,#)
(3,10,30,#)
(3,10,31,#)
(3,10,32,#)
(3,10,36,E)
(3,10,39,E)
(3,10,44,#)
(3,10,45,E)
(3,10,46,#)
(3,10,47,#)
(3,11,2,E)
(3,11,4,#)
(3,11,7,#)
(3,11,9,E)
(3,11,10,#)
(3,11,12,#)
(3,11,14,.)
(3,11,16,#)
(3,11,17,E)
(3,11,18,E)
(3,11,19,#)
(3,11,21,#)
(3,11,24,.)
(3,11,25,#)
(3,11,26,#)
(3,11,27,#)
(3,11,31,E)
(3,11,33,#)
(3,11,35,#)
(3,11,38,#)
(3,11,39,#)
(3,11,40,.)
(3,11,41,#)
(3,11,46,#)
(3,11,48,#)
(3,12,3,#)
(3,12,7,#)
(3,12,8,#)
(3,12,9,#)
(3,12,10,#)
(3,12,14,#)
(3,12,15,E)
(3,12,17,#)
(3,12,24,#)
(3,12,29,#)
(3,12,33,#)
(3,12,34,#)
(3,12,35,E)
(3,12,37,#)
(3,12,42,E)
(3,12,43,#)
(3,12,46,#)
(3,12,47,E)
(3,12,49,#)
(3,13,1,#)
(3,13,6,#)
(3,13,8,#)
(3,13,13,#)
(3,13,14,#)
(3,13,17,#)
(3,13,20,#)
(3,13,21,#)
(3,13,26,#)
(3,13,27,#)
(3,13,30,#)
(3,13,32,#)
(3,13,33,#)
(3,13,35,#)
(3,13,36,#)
(3,13,37,E)
(3,13,38,#)
(3,13,40,E)
(3,13,41,#)
(3,13,43,#)
(3,13,44,#)
(3,13,49,#)
(3,14,3,E)
(3,14,5,#)
(3,14,8,E)
(3,14,10,#)
(3,14,11,#)
(3,14,15,E)
(3,14,16,.)
(3,14,18,#)
(3,14,20,#)
(3,14,23,E)
(3,14,24,#)
(3,14,27,E)
(3,14,30,#)
(3,14,31,#)
(3,14,35,.)
(3,14,38,.)
(3,14,39,#)
(3,14,41,#)
(3,14,44,E)
(3,14,47,#)
(3,14,48,E)
(3,14,49,.)
(3,15,0,#)
(3,15,1,#)
(3,15,5,#)
(3,15,7,#)
(3,15,8,#)
(3,15,9,#)
(3,15,11,E)
(3,15,14,#)
(3,15,20,E)
(3,15,23,#)
(3,15,24,#)
(3,15,25,#)
(3,15,27,#)
(3,15,28,.)
(3,15,30,#)
(3,15,31,#)
(3,15,32,#)
(3,15,33,#)
(3,15,34,#)
(3,15,35,#)
(3,15,39,#)
(3,15,43,E)
(3,15,45,#)
(3,15,47,#)
(3,15,48,#)
(3,15,49,#)
(3,16,2,#)
(3,16,5,#)
(3,16,6,#)
(3,16,8,E)
(3,16,12,#)
(3,16,13,#)
(3,16,18,#)
(3,16,23,#)
(3,16,26,.)
(3,16,27,#)
(3,16,31,#)
(3,16,32,.)
(3,16,37,#)
(3,16,41,E)
(3,16,42,#)
(3,16,43,#)
(3,16,44,#)
(3,16,46,E)
(3,16,48,#)
(3,16,49,#)
(3,17,1,#)
(3,17,3,#)
(3,17,4,#)
(3,17,9,#)
(3,17,11,#)
(3,17,12,E)
(3,17,15,.)
(3,17,16,E)
(3,17,18,#)
(3,17,21,#)
(3,17,22,#)
(3,17,26,#)
(3,17,27,#)
(3,17,28,.)
(3,17,37,#)
(3,17,41,#)
(3,17,42,E)
(3,17,44,#)
(3,17,45,E)
(3,17,46,#)
(3,17,49,E)
(3,18,1,#)
(3,18,2,#)
(3,18,3,#)
(3,18,4,#)
(3,18,6,E)
(3,18,7,#)
(3,18,8,#)
(3,18,11,E)
(3,18,15,#)
(3,18,17,#)
(3,18,19,#)
(3,18,20,#)
(3,18,23,#)
(3,18,28,.)
(3,18,29,E)
(3,18,32,#)
(3,18,37,#)
(3,18,39,.)
(3,18,40,#)
(3,18,42,#)
(3,18,43,#)
(3,18,44,E)
(3,18,47,#)
(3,18,48,.)
(3,18,49,E)
(3,19,1,E)
(3,19,2,#)
(3,19,5,#)
(3,19,6,#)
(3,19,8,#)
(3,19,9,#)
(3,19,13,#)
(3,19,14,#)
(3,19,16,#)
(3,19,17,#)
(3,19,22,#)
(3,19,29,#)
(3,19,30,#)
(3,19,31,#)
(3,19,33,#)
(3,19,36,#)
(3,19,37,#)
(3,19,41,E)
(3,19,42,E)
(3,19,44,#)
(3,19,45,E)
(3,19,46,#)
(3,20,2,#)
(3,20,5,#)
(3,20,6,#)
(3,20,10,E)
(3,20,12,#)
(3,20,14,#)
(3,20,16,#)
(3,20,20,#)
(3,20,21,#)
(3,20,24,E)
(3,20,25,E)
(3,20,26,#)
(3,20,27,#)
(3,20,28,#)
(3,20,30,#)
(3,20,32,#)
(3,20,34,E)
(3,20,37,E)
(3,20,39,#)
(3,20,41,E)
(3,20,42,#)
(3,20,43,#)
(3,20,45,E)
(3,20,46,#)
(3,20,49,#)
(3,21,2,E)
(3,21,4,#)
(3,21,8,#)
(3,21,9,E)
(3,21,10,#)
(3,21,11,#)
(3,21,15,#)
(3,21,16,E)
(3,21,17,E)
(3,21,19,#)
(3,21,20,#)
(3,21,27,#)
(3,21,28,#)
(3,21,29,#)
(3,21,31,#)
(3,21,35,#)
(3,21,36,#)
(3,21,37,.)
(3,21,42,#)
(3,21,47,#)
(3,21,48,#)
(3,21,49,E)
(3,22,4,#)
(3,22,6,#)
(3,22,7,#)
(3,22,8,E)
(3,22,9,#)
(3,22,12,#)
(3,22,19,E)
(3,22,20,#)
(3,22,25,E)
(3,22,26,#)
(3,22,28,E)
(3,22,29,#)
(3,22,36,#)
(3,22,37,#)
(3,22,38,E)
(3,22,40,#)
(3,22,44,#)
(3,22,45,#)
(3,22,49,#)
(3,23,0,#)
(3,23,1,#)
(3,23,4,#)
(3,23,5,E)
(3,23,7,#)
(3,23,8,#)
(3,23,10,#)
(3,23,11,#)
(3,23,15,#)
(3,23,16,#)
(3,23,17,#)
(3,23,18,E)
(3,23,20,#)
(3,23,22,#)
(3,23,23,#)
(3,23,24,#)
(3,23,25,#)
(3,23,27,#)
(3,23,28,#)
(3,23,30,.)
(3,23,31,#)
(3,23,32,#)
(3,23,38,#)
(3,23,39,#)
(3,23,40,E)
(3,23,41,#)
(3,23,42,#)
(3,23,47,#)
(3,24,1,#)
(3,24,3,#)
(3,24,5,#)
(3,24,6,#)
(3,24,7,#)
(3,24,8,#)
(3,24,11,#)
(3,24,17,#)
(3,24,18,#)
(3,24,20,.)
(3,24,24,#)
(3,24,25,#)
(3,24,30,E)
(3,24,34,#)
(3,24,35,#)
(3,24,37,#)
(3,24,43,E)
(3,24,44,#)
(3,24,45,#)
(3,24,46,#)
(3,25,2,#)
(3,25,4,#)
(3,25,8,#)
(3,25,10,#)
(3,25,13,.)
(3,25,16,#)
(3,25,24,#)
(3,25,25,E)
(3,25,27,#)
(3,25,28,#)
(3,25,30,#)
(3,25,31,#)
(3,25,33,#)
(3,25,34,#)
(3,25,35,#)
(3,25,37,E)
(3,25,38,E)
(3,25,40,E)
(3,25,42,#)
(3,25,43,#)
(3,25,45,#)
(3,25,46,E)
(3,25,47,.)
(3,25,49,#)
(3,26,0,#)
(3,26,1,E)
(3,26,2,#)
(3,26,4,#)
(3,26,8,#)
(3,26,10,#)
(3,26,13,#)
(3,26,14,#)
(3,26,16,.)
(3,26,17,#)
(3,26,18,#)
(3,26,19,#)
(3,26,21,#)
(3,26,23,E)
(3,26,26,#)
(3,26,27,#)
(3,26,29,#)
(3,26,31,#)
(3,26,34,E)
(3,26,35,#)
(3,26,38,E)
(3,26,39,#)
(3,26,40,#)
(3,26,41,#)
(3,26,45,#)
(3,26,47,E)
(3,26,48,#)
(3,26,49,#)
(3,27,1,#)
(3,27,2,E)
(3,27,3,#)
(3,27,5,#)
(3,27,7,E)
(3,27,9,#)
(3,27,10,#)
(3,27,12,#)
(3,27,13,#)
(3,27,15,#)
(3,27,17,#)
(3,27,24,#)
(3,27,27,#)
(3,27,28,#)
(3,27,29,E)
(3,27,31,#)
(3,27,37,#)
(3,27,39,#)
(3,27,40,E)
(3,27,41,#)
(3,27,45,#)
(3,27,46,#)
(3,27,47,E)
(3,27,48,E)
(3,28,0,#)
(3,28,1,#)
(3,28,3,#)
(3,28,5,#)
(3,28,7,.)
(3,28,9,E)
(3,28,11,#)
(3,28,13,#)
(3,28,17,#)
(3,28,20,.)
(3,28,21,#)
(3,28,22,#)
(3,28,24,E)
(3,28,28,#)
(3,28,30,E)
(3,28,31,#)
(3,28,32,#)
(3,28,37,#)
(3,28,38,#)
(3,28,47,#)
(3,29,1,#)
(3,29,15,#)
(3,29,16,E)
(3,29,17,#)
(3,29,18,#)
(3,29,20,E)
(3,29,22,#)
(3,29,23,E)
(3,29,30,#)
(3,29,32,#)
(3,29,39,#)
(3,29,41,#)
(3,29,46,#)
(3,30,0,#)
(3,30,2,.)
(3,30,3,#)
(3,30,7,#)
(3,30,8,E)
(3,30,9,#)
(3,30,14,E)
(3,30,16,#)
(3,30,21,E)
(3,30,22,#)
(3,30,23,.)
(3,30,25,#)
(3,30,27,#)
(3,30,29,#)
(3,30,32,.)
(3,30,33,E)
(3,30,35,#)
(3,30,37,#)
(3,30,38,#)
(3,30,40,#)
(3,30,42,#)
(3,30,44,#)
(3,30,45,#)
(3,30,47,E)
(3,30,48,#)
(3,30,49,#)
(3,31,2,E)
(3,31,5,#)
(3,31,14,#)
(3,31,17,#)
(3,31,18,#)
(3,31,20,#)
(3,31,23,#)
(3,31,26,E)
(3,31,33,#)
(3,31,34,E)
(3,31,35,E)
(3,31,37,#)
(3,31,39,E)
(3,31,43,.)
(3,31,47,#)
(3,31,49,#)
(3,32,2,#)
(3,32,8,#)
(3,32,13,#)
(3,32,14,E)
(3,32,16,#)
(3,32,18,E)
(3,32,19,#)
(3,32,22,#)
(3,32,24,#)
(3,32,26,#)
(3,32,31,#)
(3,32,33,#)
(3,32,36,#)
(3,32,40,#)
(3,32,42,E)
(3,32,44,#)
(3,32,47,#)
(3,33,0,#)
(3,33,2,E)
(3,33,6,#)
(3,33,7,#)
(3,33,10,E)
(3,33,11,#)
(3,33,13,#)
(3,33,14,#)
(3,33,15,E)
(3,33,16,E)
(3,33,18,#)
(3,33,19,#)
(3,33,28,E)
(3,33,30,E)
(3,33,32,#)
(3,33,34,#)
(3,33,36,#)
(3,33,37,#)
(3,33,46,E)
(3,33,47,#)
(3,33,48,E)
(3,34,2,.)
(3,34,3,#)
(3,34,6,E)
(3,34,7,#)
(3,34,11,#)
(3,34,12,#)
(3,34,14,#)
(3,34,16,E)
(3,34,17,#)
(3,34,21,#)
(3,34,24,#)
(3,34,25,.)
(3,34,26,#)
(3,34,32,#)
(3,34,34,#)
(3,34,35,#)
(3,34,36,#)
(3,34,37,#)
(3,34,39,E)
(3,34,44,#)
(3,34,46,E)
(3,34,47,#)
(3,35,1,.)
(3,35,3,#)
(3,35,10,.)
(3,35,11,#)
(3,35,14,#)
(3,35,15,#)
(3,35,16,#)
(3,35,17,#)
(3,35,19,#)
(3,35,20,#)
(3,35,21,#)
(3,35,22,#)
(3,35,25,#)
(3,35,26,E)
(3,35,31,#)
(3,35,34,.)
(3,35,35,#)
(3,35,38,#)
(3,35,39,#)
(3,35,45,#)
(3,35,47,#)
(3,35,48,#)
(3,35,49,#)
(3,36,5,#)
(3,36,6,#)
(3,36,7,E)
(3,36,13,E)
(3,36,15,#)
(3,36,19,E)
(3,36,20,#)
(3,36,23,#)
(3,36,25,E)
(3,36,26,#)
(3,36,27,#)
(3,36,28,E)
(3,36,30,E)
(3,36,31,#)
(3,36,33,#)
(3,36,35,E)
(3,36,37,#)
(3,36,43,#)
(3,36,44,#)
(3,36,45,#)
(3,36,46,#)
(3,36,47,#)
(3,36,48,#)
(3,37,5,.)
(3,37,6,#)
(3,37,8,#)
(3,37,9,#)
(3,37,10,#)
(3,37,12,E)
(3,37,15,#)
(3,37,16,#)
(3,37,17,E)
(3,37,19,#)
(3,37,20,#)
(3,37,26,.)
(3,37,27,#)
(3,37,29,.)
(3,37,30,#)
(3,37,32,#)
(3,37,36,#)
(3,37,38,E)
(3,38,1,#)
(3,38,2,#)
(3,38,3,#)
(3,38,7,#)
(3,38,12,E)
(3,38,15,#)
(3,38,19,#)
(3,38,20,#)
(3,38,21,E)
(3,38,24,#)
(3,38,27,#)
(3,38,29,#)
(3,38,31,#)
(3,38,32,#)
(3,38,34,#)
(3,38,37,#)
(3,38,38,#)
(3,38,39,#)
(3,38,41,#)
(3,38,42,#)
(3,38,43,#)
(3,38,44,#)
(3,38,46,#)
(3,39,4,#)
(3,39,5,#)
(3,39,11,#)
(3,39,12,.)
(3,39,21,#)
(3,39,24,#)
(3,39,26,#)
(3,39,27,E)
(3,39,33,#)
(3,39,36,E)
(3,39,38,#)
(3,39,39,#)
(3,39,41,E)
(3,39,44,E)
(3,39,47,#)
(3,39,48,#)
(3,39,49,E)
(3,40,2,E)
(3,40,3,#)
(3,40,4,E)
(3,40,6,#)
(3,40,7,#)
(3,40,8,E)
(3,40,13,#)
(3,40,15,#)
(3,40,18,#)
(3,40,20,#)
(3,40,21,#)
(3,40,23,#)
(3,40,26,.)
(3,40,29,#)
(3,40,31,#)
(3,40,32,E)
(3,40,41,#)
(3,40,43,#)
(3,40,44,#)
(3,40,45,#)
(3,40,46,E)
(3,40,47,#)
(3,41,3,#)
(3,41,5,#)
(3,41,9,E)
(3,41,10,#)
(3,41,14,#)
(3,41,18,#)
(3,41,19,#)
(3,41,20,#)
(3,41,22,#)
(3,41,26,#)
(3,41,28,E)
(3,41,31,#)
(3,41,35,#)
(3,41,41,#)
(3,41,43,E)
(3,42,0,#)
(3,42,2,#)
(3,42,3,#)
(3,42,7,E)
(3,42,9,#)
(3,42,10,E)
(3,42,11,#)
(3,42,13,#)
(3,42,16,#)
(3,42,20,#)
(3,42,30,#)
(3,42,31,E)
(3,42,35,#)
(3,42,39,#)
(3,42,42,#)
(3,42,43,#)
(3,42,44,.)
(3,42,46,#)
(3,42,47,#)
(3,43,1,#)
(3,43,2,#)
(3,43,3,#)
(3,43,4,#)
(3,43,9,#)
(3,43,13,E)
(3,43,16,#)
(3,43,17,#)
(3,43,19,#)
(3,43,20,#)
(3,43,24,#)
(3,43,27,#)
(3,43,28,#)
(3,43,30,#)
(3,43,31,E)
(3,43,32,#)
(3,43,35,#)
(3,43,36,#)
(3,43,40,#)
(3,43,42,#)
(3,43,44,#)
(3,43,45,#)
(3,43,47,#)
(3,43,48,#)
(3,44,1,#)
(3,44,2,#)
(3,44,11,E)
(3,44,13,#)
(3,44,14,#)
(3,44,15,E)
(3,44,19,#)
(3,44,20,#)
(3,44,24,#)
(3,44,25,#)
(3,44,27,#)
(3,44,29,#)
(3,44,32,#)
(3,44,33,#)
(3,44,35,#)
(3,44,36,#)
(3,44,41,#)
(3,44,42,#)
(3,45,1,E)
(3,45,2,#)
(3,45,4,#)
(3,45,6,#)
(3,45,7,#)
(3,45,8,#)
(3,45,11,#)
(3,45,12,.)
(3,45,13,#)
(3,45,16,E)
(3,45,20,#)
(3,45,23,E)
(3,45,24,#)
(3,45,29,#)
(3,45,33,E)
(3,45,40,#)
(3,45,43,#)
(3,45,44,#)
(3,45,45,#)
(3,45,47,E)
(3,45,49,E)
(3,46,2,#)
(3,46,3,#)
(3,46,5,#)
(3,46,7,#)
(3,46,8,#)
(3,46,9,#)
(3,46,11,#)
(3,46,13,E)
(3,46,17,E)
(3,46,20,#)
(3,46,22,#)
(3,46,26,#)
(3,46,30,#)
(3,46,31,#)
(3,46,37,#)
(3,46,38,#)
(3,46,44,#)
(3,46,46,#)
(3,47,6,#)
(3,47,8,.)
(3,47,9,#)
(3,47,13,#)
(3,47,14,#)
(3,47,17,#)
(3,47,26,#)
(3,47,29,#)
(3,47,31,#)
(3,47,32,#)
(3,47,33,E)
(3,47,34,#)
(3,47,36,#)
(3,47,39,#)
(3,47,40,#)
(3,47,42,#)
(3,47,44,#)
(3,47,48,#)
(3,47,49,.)
(3,48,0,#)
(3,48,6,#)
(3,48,8,#)
(3,48,10,.)
(3,48,11,#)
(3,48,12,#)
(3,48,14,#)
(3,48,17,E)
(3,48,18,#)
(3,48,24,#)
(3,48,28,#)
(3,48,30,#)
(3,48,31,E)
(3,48,37,#)
(3,48,38,#)
(3,48,43,#)
(3,49,0,#)
(3,49,2,#)
(3,49,4,#)
(3,49,6,#)
(3,49,10,E)
(3,49,14,E)
(3,49,17,#)
(3,49,18,#)
(3,49,20,#)
(3,49,21,#)
(3,49,23,E)
(3,49,30,#)
(3,49,31,#)
(3,49,32,#)
(3,49,33,#)
(3,49,34,E)
(3,49,36,E)
(3,49,38,#)
(3,49,40,.)
(3,49,42,#)
(3,49,44,#)
(3,49,45,#)
(3,49,46,#)
(3,49,47,#)
//level 4
(4,0,0,#)
(4,0,1,#)
(4,0,6,E)
(4,0,10,E)
(4,0,14,E)
(4,0,15,#)
(4,0,18,#)
(4,0,19,.)
(4,0,22,#)
(4,0,25,#)
(4,0,28,E)
(4,0,32,E)
(4,0,33,#)
(4,0,34,E)
(4,0,37,.)
(4,0,40,#)
(4,0,43,#)
(4,0,44,#)
(4,0,45,#)
(4,1,0,#)
(4,1,1,#)
(4,1,4,#)
(4,1,5,#)
(4,1,6,#)
(4,1,12,E)
(4,1,14,#)
(4,1,20,#)
(4,1,21,#)
(4,1,22,#)
(4,1,24,#)
(4,1,25,#)
(4,1,26,.)
(4,1,28,#)
(4,1,31,E)
(4,1,34,#)
(4,1,37,.)
(4,1,39,#)
(4,1,40,E)
(4,1,41,#)
(4,1,49,#)
(4,2,0,#)
(4,2,7,E)
(4,2,9,#)
(4,2,12,#)
(4,2,13,#)
(4,2,14,#)
(4,2,17,#)
(4,2,20,#)
(4,2,23,#)
(4,2,24,#)
(4,2,25,#)
(4,2,26,#)
(4,2,27,.)
(4,2,29,E)
(4,2,30,#)
(4,2,35,E)
(4,2,37,E)
(4,2,38,#)
(4,2,41,#)
(4,2,42,#)
(4,2,44,#)
(4,2,46,E)
(4,2,47,#)
(4,2,48,#)
(4,3,1,#)
(4,3,2,#)
(4,3,3,#)
(4,3,7,#)
(4,3,11,#)
(4,3,12,#)
(4,3,13,#)
(4,3,15,E)
(4,3,16,E)
(4,3,17,#)
(4,3,18,#)
(4,3,24,#)
(4,3,27,#)
(4,3,30,#)
(4,3,33,E)
(4,3,35,#)
(4,3,36,#)
(4,3,38,#)
(4,3,45,#)
(4,3,46,.)
(4,3,49,#)
(4,4,0,#)
(4,4,1,E)
(4,4,3,E)
(4,4,12,#)
(4,4,18,#)
(4,4,20,#)
(4,4,21,#)
(4,4,26,E)
(4,4,27,.)
(4,4,30,#)
(4,4,31,#)
(4,4,39,#)
(4,4,41,.)
(4,4,42,#)
(4,5,0,#)
(4,5,1,E)
(4,5,2,E)
(4,5,3,#)
(4,5,5,#)
(4,5,8,#)
(4,5,14,#)
(4,5,15,#)
(4,5,17,#)
(4,5,18,E)
(4,5,22,#)
(4,5,23,#)
(4,5,24,E)
(4,5,27,#)
(4,5,28,#)
(4,5,30,#)
(4,5,31,E)
(4,5,33,#)
(4,5,34,#)
(4,5,35,.)
(4,5,37,E)
(4,5,40,E)
(4,5,41,#)
(4,5,44,#)
(4,5,45,#)
(4,5,49,#)
(4,6,0,#)
(4,6,1,E)
(4,6,2,#)
(4,6,5,E)
(4,6,6,#)
(4,6,11,E)
(4,6,14,#)
(4,6,15,E)
(4,6,24,#)
(4,6,26,#)
(4,6,27,E)
(4,6,28,#)
(4,6,29,#)
(4,6,30,#)
(4,6,31,#)
(4,6,32,#)
(4,6,35,#)
(4,6,36,E)
(4,6,38,#)
(4,6,39,#)
(4,6,40,#)
(4,6,42,.)
(4,6,44,#)
(4,6,46,#)
(4,6,49,E)
(4,7,2,#)
(4,7,7,E)
(4,7,15,#)
(4,7,19,E)
(4,7,22,E)
(4,7,27,#)
(4,7,29,#)
(4,7,32,#)
(4,7,33,E)
(4,7,34,E)
(4,7,35,#)
(4,7,36,#)
(4,7,37,#)
(4,7,38,#)
(4,7,40,#)
(4,7,42,#)
(4,7,45,.)
(4,7,49,E)
(4,8,3,#)
(4,8,5,#)
(4,8,6,#)
(4,8,10,#)
(4,8,11,#)
(4,8,12,#)
(4,8,13,E)
(4,8,14,#)
(4,8,18,E)
(4,8,19,E)
(4,8,21,#)
(4,8,22,#)
(4,8,23,#)
(4,8,26,E)
(4,8,30,#)
(4,8,32,E)
(4,8,35,#)
(4,8,39,E)
(4,8,43,#)
(4,8,44,#)
(4,9,1,E)
(4,9,2,#)
(4,9,4,#)
(4,9,6,#)
(4,9,9,#)
(4,9,10,#)
(4,9,11,#)
(4,9,12,E)
(4,9,13,E)
(4,9,14,#)
(4,9,21,#)
(4,9,24,#)
(4,9,26,#)
(4,9,28,E)
(4,9,29,#)
(4,9,33,E)
(4,9,34,E)
(4,9,43,E)
(4,9,45,#)
(4,9,48,#)
(4,9,49,#)
(4,10,0,#)
(4,10,2,#)
(4,10,3,.)
(4,10,6,#)
(4,10,13,#)
(4,10,14,E)
(4,10,19,#)
(4,10,20,#)
(4,10,22,#)
(4,10,24,#)
(4,10,25,#)
(4,10,26,#)
(4,10,30,#)
(4,10,31,E)
(4,10,33,E)
(4,10,35,E)
(4,10,36,#)
(4,10,37,E)
(4,10,39,E)
(4,10,40,#)
(4,10,42,#)
(4,10,45,#)
(4,10,47,#)
(4,10,48,E)
(4,11,0,#)
(4,11,1,#)
(4,11,5,E)
(4,11,6,#)
(4,11,7,#)
(4,11,8,#)
(4,11,12,.)
(4,11,13,#)
(4,11,14,#)
(4,11,15,#)
(4,11,17,E)
(4,11,18,#)
(4,11,21,E)
(4,11,22,E)
(4,11,29,#)
(4,11,30,#)
(4,11,32,#)
(4,11,33,#)
(4,11,38,#)
(4,11,40,#)
(4,11,41,#)
(4,11,42,#)
(4,11,43,E)
(4,11,44,#)
(4,11,46,#)
(4,12,0,#)
(4,12,1,#)
(4,12,3,#)
(4,12,5,#)
(4,12,6,#)
(4,12,7,.)
(4,12,10,#)
(4,12,19,#)
(4,12,22,E)
(4,12,23,#)
(4,12,24,#)
(4,12,27,#)
(4,12,30,#)
(4,12,31,#)
(4,12,35,#)
(4,12,42,E)
(4,12,44,E)
(4,12,45,#)
(4,12,49,#)
(4,13,1,#)
(4,13,3,#)
(4,13,6,#)
(4,13,9,E)
(4,13,14,#)
(4,13,17,#)
(4,13,19,E)
(4,13,20,#)
(4,13,22,E)
(4,13,24,#)
(4,13,27,#)
(4,13,28,#)
(4,13,31,#)
(4,13,34,#)
(4,13,36,#)
(4,13,37,#)
(4,13,38,#)
(4,13,40,#)
(4,13,41,#)
(4,13,44,#)
(4,13,45,#)
(4,13,47,#)
(4,13,48,#)
(4,14,2,E)
(4,14,3,#)
(4,14,5,#)
(4,14,6,E)
(4,14,7,#)
(4,14,8,#)
(4,14,11,#)
(4,14,12,E)
(4,14,16,#)
(4,14,19,E)
(4,14,24,#)
(4,14,25,#)
(4,14,26,E)
(4,14,27,#)
(4,14,29,#)
(4,14,31,#)
(4,14,32,.)
(4,14,34,.)
(4,14,35,E)
(4,14,36,#)
(4,14,37,#)
(4,14,39,E)
(4,14,42,E)
(4,14,43,#)
(4,14,44,#)
(4,14,49,.)
(4,15,0,.)
(4,15,1,#)
(4,15,2,#)
(4,15,5,.)
(4,15,6,#)
(4,15,7,#)
(4,15,8,#)
(4,15,14,#)
(4,15,16,E)
(4,15,18,#)
(4,15,21,#)
(4,15,23,#)
(4,15,26,#)
(4,15,30,#)
(4,15,31,#)
(4,15,32,E)
(4,15,33,.)
(4,15,37,#)
(4,15,38,#)
(4,15,40,#)
(4,15,41,#)
(4,15,43,#)
(4,15,44,#)
(4,15,47,#)
(4,15,49,#)
(4,16,0,#)
(4,16,4,#)
(4,16,6,E)
(4,16,12,#)
(4,16,14,#)
(4,16,15,#)
(4,16,17,E)
(4,16,18,E)
(4,16,20,#)
(4,16,24,#)
(4,16,25,#)
(4,16,28,.)
(4,16,35,#)
(4,16,38,E)
(4,16,40,E)
(4,16,42,#)
(4,16,44,E)
(4,16,45,E)
(4,16,46,#)
(4,16,47,#)
(4,16,48,E)
(4,17,0,#)
(4,17,2,#)
(4,17,3,#)
(4,17,5,#)
(4,17,15,E)
(4,17,17,E)
(4,17,20,#)
(4,17,21,.)
(4,17,22,#)
(4,17,23,#)
(4,17,26,#)
(4,17,27,#)
(4,17,28,#)
(4,17,30,E)
(4,17,32,#)
(4,17,33,#)
(4,17,34,#)
(4,17,37,#)
(4,17,38,#)
(4,17,39,#)
(4,17,41,E)
(4,17,43,#)
(4,17,44,#)
(4,17,46,#)
(4,17,48,#)
(4,17,49,#)
(4,18,7,#)
(4,18,8,#)
(4,18,12,#)
(4,18,13,#)
(4,18,14,#)
(4,18,15,.)
(4,18,17,E)
(4,18,18,E)
(4,18,19,E)
(4,18,23,#)
(4,18,24,E)
(4,18,26,#)
(4,18,27,E)
(4,18,34,#)
(4,18,35,#)
(4,18,36,#)
(4,18,40,#)
(4,18,43,#)
(4,18,46,#)
(4,18,47,#)
(4,18,48,#)
(4,18,49,E)
(4,19,1,E)
(4,19,3,#)
(4,19,5,E)
(4,19,6,E)
(4,19,7,#)
(4,19,9,E)
(4,19,10,#)
(4,19,12,#)
(4,19,15,#)
(4,19,16,E)
(4,19,17,#)
(4,19,22,#)
(4,19,23,#)
(4,19,25,#)
(4,19,26,#)
(4,19,28,#)
(4,19,29,E)
(4,19,34,#)
(4,19,35,#)
(4,19,37,#)
(4,19,38,E)
(4,19,39,E)
(4,19,40,#)
(4,19,43,E)
(4,19,44,#)
(4,19,48,#)
(4,19,49,#)
(4,20,0,#)
(4,20,4,#)
(4,20,5,#)
(4,20,7,#)
(4,20,9,#)
(4,20,11,.)
(4,20,14,.)
(4,20,17,.)
(4,20,19,#)
(4,20,20,#)
(4,20,22,#)
(4,20,23,#)
(4,20,27,#)
(4,20,28,#)
(4,20,29,#)
(4,20,31,#)
(4,20,33,#)
(4,20,35,#)
(4,20,36,#)
(4,20,38,#)
(4,20,39,#)
(4,20,40,#)
(4,20,42,#)
(4,20,43,#)
(4,20,47,#)
(4,20,49,#)
(4,21,0,#)
(4,21,1,.)
(4,21,3,#)
(4,21,4,#)
(4,21,8,#)
(4,21,9,E)
(4,21,12,#)
(4,21,17,E)
(4,21,18,E)
(4,21,19,#)
(4,21,20,#)
(4,21,22,#)
(4,21,23,#)
(4,21,24,#)
(4,21,25,E)
(4,21,30,E)
(4,21,31,#)
(4,21,32,#)
(4,21,37,E)
(4,21,38,#)
(4,21,40,#)
(4,21,46,#)
(4,22,0,#)
(4,22,1,E)
(4,22,3,#)
(4,22,7,#)
(4,22,8,#)
(4,22,10,#)
(4,22,11,#)
(4,22,13,#)
(4,22,15,#)
(4,22,17,#)
(4,22,18,#)
(4,22,20,E)
(4,22,23,#)
(4,22,24,#)
(4,22,26,E)
(4,22,27,#)
(4,22,28,#)
(4,22,31,E)
(4,22,32,E)
(4,22,33,#)
(4,22,35,#)
(4,22,36,#)
(4,22,37,#)
(4,22,38,#)
(4,22,42,#)
(4,22,44,#)
(4,22,46,#)
(4,22,49,#)
(4,23,0,#)
(4,23,1,#)
(4,23,4,#)
(4,23,5,E)
(4,23,6,#)
(4,23,10,#)
(4,23,13,#)
(4,23,17,#)
(4,23,18,.)
(4,23,19,E)
(4,23,20,#)
(4,23,21,#)
(4,23,22,#)
(4,23,24,#)
(4,23,25,E)
(4,23,26,#)
(4,23,27,#)
(4,23,29,#)
(4,23,35,#)
(4,23,39,#)
(4,23,42,#)
(4,23,44,E)
(4,23,45,#)
(4,23,46,#)
(4,23,47,#)
(4,23,49,#)
(4,24,1,E)
(4,24,2,#)
(4,24,3,#)
(4,24,4,#)
(4,24,7,#)
(4,24,15,#)
(4,24,16,.)
(4,24,17,#)
(4,24,19,.)
(4,24,26,#)
(4,24,31,#)
(4,24,32,#)
(4,24,34,#)
(4,24,37,#)
(4,24,38,#)
(4,24,40,E)
(4,24,43,E)
(4,24,45,E)
(4,24,46,#)
(4,25,0,.)
(4,25,4,#)
(4,25,6,#)
(4,25,9,#)
(4,25,10,#)
(4,25,11,#)
(4,25,12,#)
(4,25,13,#)
(4,25,19,.)
(4,25,24,#)
(4,25,25,.)
(4,25,29,#)
(4,25,30,#)
(4,25,33,#)
(4,25,36,#)
(4,25,39,#)
(4,25,40,#)
(4,25,41,#)
(4,25,44,#)
(4,25,46,E)
(4,26,3,#)
(4,26,6,#)
(4,26,7,#)
(4,26,9,#)
(4,26,11,.)
(4,26,13,E)
(4,26,15,#)
(4,26,18,#)
(4,26,21,E)
(4,26,26,#)
(4,26,29,#)
(4,26,31,#)
(4,26,32,#)
(4,26,33,.)
(4,26,34,E)
(4,26,35,#)
(4,26,37,#)
(4,26,38,#)
(4,26,40,#)
(4,26,42,E)
(4,26,45,E)
(4,26,46,#)
(4,26,49,#)
(4,27,4,#)
(4,27,7,#)
(4,27,8,S)
(4,27,10,E)
(4,27,14,#)
(4,27,15,#)
(4,27,16,#)
(4,27,27,E)
(4,27,28,#)
(4,27,29,#)
(4,27,31,#)
(4,27,33,#)
(4,27,34,#)
(4,27,35,.)
(4,27,39,E)
(4,27,42,#)
(4,27,44,E)
(4,27,45,E)
(4,27,46,#)
(4,27,49,#)
(4,28,0,#)
(4,28,3,#)
(4,28,5,#)
(4,28,7,#)
(4,28,8,#)
(4,28,10,#)
(4,28,12,#)
(4,28,14,#)
(4,28,16,#)
(4,28,18,#)
(4,28,21,#)
(4,28,25,#)
(4,28,27,#)
(4,28,29,#)
(4,28,31,#)
(4,28,35,#)
(4,28,37,#)
(4,28,40,#)
(4,28,44,#)
(4,29,1,#)
(4,29,4,E)
(4,29,5,#)
(4,29,6,#)
(4,29,7,#)
(4,29,9,#)
(4,29,12,#)
(4,29,14,#)
(4,29,19,#)
(4,29,25,#)
(4,29,28,#)
(4,29,29,#)
(4,29,30,#)
(4,29,31,#)
(4,29,34,E)
(4,29,35,#)
(4,29,40,#)
(4,29,41,#)
(4,29,42,E)
(4,29,43,#)
(4,29,45,#)
(4,30,0,#)
(4,30,1,#)
(4,30,2,E)
(4,30,3,#)
(4,30,6,#)
(4,30,8,E)
(4,30,11,E)
(4,30,12,E)
(4,30,14,#)
(4,30,15,#)
(4,30,19,#)
(4,30,21,E)
(4,30,23,#)
(4,30,25,.)
(4,30,27,#)
(4,30,28,#)
(4,30,29,#)
(4,30,33,#)
(4,30,34,#)
(4,30,38,E)
(4,30,42,#)
(4,30,43,#)
(4,30,44,.)
(4,30,47,#)
(4,31,0,#)
(4,31,3,#)
(4,31,4,#)
(4,31,5,#)
(4,31,10,#)
(4,31,11,E)
(4,31,12,#)
(4,31,13,#)
(4,31,16,#)
(4,31,18,E)
(4,31,19,E)
(4,31,24,#)
(4,31,34,#)
(4,31,36,E)
(4,31,38,#)
(4,31,40,E)
(4,31,44,#)
(4,31,45,#)
(4,31,46,#)
(4,31,49,E)
(4,32,1,E)
(4,32,5,#)
(4,32,7,#)
(4,32,17,#)
(4,32,19,E)
(4,32,24,E)
(4,32,26,#)
(4,32,27,#)
(4,32,34,#)
(4,32,36,.)
(4,32,37,#)
(4,32,38,#)
(4,32,42,#)
(4,32,43,#)
(4,32,47,#)
(4,32,48,#)
(4,33,4,#)
(4,33,5,#)
(4,33,6,#)
(4,33,8,E)
(4,33,9,#)
(4,33,10,.)
(4,33,11,#)
(4,33,12,#)
(4,33,15,E)
(4,33,16,#)
(4,33,17,#)
(4,33,19,#)
(4,33,20,E)
(4,33,24,#)
(4,33,28,E)
(4,33,31,#)
(4,33,32,#)
(4,33,34,#)
(4,33,39,#)
(4,33,40,#)
(4,33,42,#)
(4,33,45,#)
(4,33,47,#)
(4,33,48,#)
(4,34,2,#)
(4,34,3,#)
(4,34,4,E)
(4,34,7,#)
(4,34,9,#)
(4,34,11,#)
(4,34,13,#)
(4,34,14,.)
(4,34,16,#)
(4,34,18,#)
(4,34,21,#)
(4,34,23,E)
(4,34,27,E)
(4,34,30,#)
(4,34,31,#)
(4,34,32,#)
(4,34,33,#)
(4,34,35,#)
(4,34,38,#)
(4,34,39,E)
(4,34,41,#)
(4,34,42,#)
(4,34,45,#)
(4,34,48,#)
(4,35,0,#)
(4,35,6,#)
(4,35,9,#)
(4,35,15,#)
(4,35,21,#)
(4,35,22,#)
(4,35,23,#)
(4,35,24,#)
(4,35,25,#)
(4,35,26,#)
(4,35,30,#)
(4,35,32,E)
(4,35,33,#)
(4,35,34,#)
(4,35,35,#)
(4,35,37,#)
(4,35,41,#)
(4,35,43,E)
(4,35,44,#)
(4,35,45,#)
(4,35,46,#)
(4,35,47,#)
(4,35,49,E)
(4,36,4,#)
(4,36,5,E)
(4,36,8,#)
(4,36,12,#)
(4,36,13,#)
(4,36,14,#)
(4,36,15,#)
(4,36,16,#)
(4,36,19,#)
(4,36,20,#)
(4,36,22,#)
(4,36,23,#)
(4,36,28,#)
(4,36,29,#)
(4,36,30,#)
(4,36,31,#)
(4,36,36,E)
(4,36,38,#)
(4,36,39,E)
(4,36,44,#)
(4,36,47,#)
(4,36,48,E)
(4,37,0,#)
(4,37,1,#)
(4,37,2,#)
(4,37,4,E)
(4,37,5,#)
(4,37,8,#)
(4,37,9,E)
(4,37,10,E)
(4,37,11,#)
(4,37,13,#)
(4,37,15,#)
(4,37,16,#)
(4,37,17,#)
(4,37,18,#)
(4,37,20,#)
(4,37,24,#)
(4,37,25,#)
(4,37,26,E)
(4,37,28,#)
(4,37,40,#)
(4,37,43,#)
(4,37,46,E)
(4,38,7,#)
(4,38,8,E)
(4,38,10,#)
(4,38,12,.)
(4,38,17,#)
(4,38,19,E)
(4,38,24,E)
(4,38,26,#)
(4,38,33,#)
(4,38,36,#)
(4,38,37,#)
(4,38,42,#)
(4,38,45,#)
(4,38,46,#)
(4,38,47,#)
(4,38,49,E)
(4,39,0,#)
(4,39,3,#)
(4,39,5,#)
(4,39,10,#)
(4,39,17,#)
(4,39,20,#)
(4,39,21,#)
(4,39,27,#)
(4,39,30,E)
(4,39,32,E)
(4,39,33,#)
(4,39,38,#)
(4,39,40,#)
(4,39,41,#)
(4,39,43,#)
(4,39,46,#)
(4,39,48,E)
(4,40,1,#)
(4,40,2,#)
(4,40,6,#)
(4,40,8,#)
(4,40,9,#)
(4,40,10,#)
(4,40,11,#)
(4,40,12,#)
(4,40,14,#)
(4,40,15,E)
(4,40,16,#)
(4,40,20,#)
(4,40,23,#)
(4,40,24,#)
(4,40,27,#)
(4,40,31,#)
(4,40,32,#)
(4,40,35,#)
(4,40,40,#)
(4,40,41,#)
(4,40,43,.)
(4,40,44,#)
(4,40,45,#)
(4,40,46,#)
(4,40,49,#)
(4,41,3,E)
(4,41,6,#)
(4,41,8,#)
(4,41,17,#)
(4,41,18,#)
(4,41,20,#)
(4,41,23,#)
(4,41,24,#)
(4,41,29,#)
(4,41,31,#)
(4,41,36,#)
(4,41,39,#)
(4,41,49,E)
(4,42,1,#)
(4,42,3,#)
(4,42,4,#)
(4,42,5,E)
(4,42,8,E)
(4,42,11,E)
(4,42,12,#)
(4,42,13,#)
(4,42,15,E)
(4,42,16,#)
(4,42,19,#)
(4,42,20,#)
(4,42,22,E)
(4,42,24,#)
(4,42,30,E)
(4,42,31,#)
(4,42,32,#)
(4,42,33,#)
(4,42,34,#)
(4,42,43,#)
(4,42,47,E)
(4,42,49,#)
(4,43,0,#)
(4,43,1,#)
(4,43,4,#)
(4,43,10,#)
(4,43,14,#)
(4,43,15,#)
(4,43,16,#)
(4,43,19,E)
(4,43,20,#)
(4,43,25,E)
(4,43,26,.)
(4,43,28,#)
(4,43,29,#)
(4,43,30,#)
(4,43,36,E)
(4,43,37,E)
(4,43,40,.)
(4,43,41,#)
(4,43,45,#)
(4,43,48,#)
(4,44,0,#)
(4,44,2,#)
(4,44,5,E)
(4,44,7,#)
(4,44,8,#)
(4,44,10,#)
(4,44,11,#)
(4,44,15,E)
(4,44,18,#)
(4,44,19,#)
(4,44,20,#)
(4,44,21,#)
(4,44,23,#)
(4,44,25,#)
(4,44,27,#)
(4,44,33,E)
(4,44,39,#)
(4,44,40,#)
(4,44,43,E)
(4,44,44,#)
(4,44,47,#)
(4,44,48,#)
(4,45,0,#)
(4,45,2,#)
(4,45,5,.)
(4,45,6,#)
(4,45,10,#)
(4,45,11,#)
(4,45,12,#)
(4,45,13,#)
(4,45,14,#)
(4,45,17,#)
(4,45,18,#)
(4,45,19,#)
(4,45,21,#)
(4,45,25,#)
(4,45,27,#)
(4,45,29,#)
(4,45,30,#)
(4,45,33,E)
(4,45,36,#)
(4,45,37,#)
(4,45,38,E)
(4,45,42,#)
(4,45,45,#)
(4,45,46,#)
(4,45,48,E)
(4,45,49,#)
(4,46,1,#)
(4,46,2,#)
(4,46,3,#)
(4,46,6,#)
(4,46,9,#)
(4,46,12,#)
(4,46,13,E)
(4,46,15,E)
(4,46,16,#)
(4,46,17,E)
(4,46,23,#)
(4,46,24,.)
(4,46,26,#)
(4,46,27,#)
(4,46,29,#)
(4,46,30,#)
(4,46,33,#)
(4,46,37,#)
(4,46,40,#)
(4,46,42,#)
(4,46,48,#)
(4,47,2,#)
(4,47,6,#)
(4,47,10,#)
(4,47,11,#)
(4,47,13,#)
(4,47,16,E)
(4,47,17,#)
(4,47,19,#)
(4,47,21,#)
(4,47,25,#)
(4,47,30,#)
(4,47,32,#)
(4,47,34,#)
(4,47,40,#)
(4,47,42,#)
(4,47,43,#)
(4,47,44,#)
(4,47,45,#)
(4,47,46,E)
(4,47,47,#)
(4,47,48,#)
(4,48,0,#)
(4,48,1,#)
(4,48,2,#)
(4,48,6,#)
(4,48,7,#)
(4,48,8,#)
(4,48,11,E)
(4,48,12,E)
(4,48,13,#)
(4,48,14,#)
(4,48,15,#)
(4,48,17,#)
(4,48,20,#)
(4,48,23,#)
(4,48,24,E)
(4,48,31,E)
(4,48,35,E)
(4,48,37,#)
(4,48,40,E)
(4,48,43,#)
(4,48,45,#)
(4,49,0,#)
(4,49,1,#)
(4,49,2,#)
(4,49,4,#)
(4,49,5,#)
(4,49,7,#)
(4,49,8,#)
(4,49,10,#)
(4,49,12,E)
(4,49,14,#)
(4,49,15,E)
(4,49,21,#)
(4,49,22,E)
(4,49,23,#)
(4,49,24,E)
(4,49,25,#)
(4,49,26,#)
(4,49,27,#)
(4,49,28,#)
(4,49,29,#)
(4,49,30,#)
(4,49,34,#)
(4,49,35,#)
(4,49,38,E)
(4,49,39,#)
(4,49,41,#)
(4,49,42,E)
(4,49,43,#)
(4,49,46,E)
(4,49,47,E)
